Date,DelPerc,PREV_CLOSE,OPEN_PRICE,HIGH_PRICE,LOW_PRICE,CLOSE_PRICE,Change_Percentage
01102019,62.84,375.1,381.0,384.4,351.05,367.2,-2.11
03102019,89.29,367.2,364.0,374.4,352.45,365.9,-0.35
04102019,65.61,365.9,372.0,372.5,365.2,365.85,-0.01
07102019,59.79,365.85,371.8,371.8,360.0,363.45,-0.66
08102019,59.79,365.85,371.8,371.8,360.0,363.45,-0.66
09102019,59.38,363.45,363.45,370.0,356.0,362.95,-0.14
10102019,47.04,362.95,363.0,372.95,363.0,370.5,2.08
11102019,64.45,370.5,371.9,373.95,337.3,353.7,-4.53
14102019,34.46,353.7,356.1,368.15,340.0,354.7,0.28
15102019,41.59,354.7,354.05,362.0,352.0,357.3,0.73
16102019,46.61,357.3,356.0,364.85,356.0,360.5,0.9
17102019,40.87,360.5,364.0,367.0,358.0,361.85,0.37
18102019,88.6,361.85,362.55,365.0,355.15,359.7,-0.59
21102019,88.6,361.85,362.55,365.0,355.15,359.7,-0.59
22102019,72.02,359.7,355.1,369.0,355.1,365.35,1.57
23102019,78.25,365.35,368.0,368.0,352.5,359.25,-1.67
24102019,41.77,359.25,361.0,361.8,342.7,347.7,-3.22
25102019,36.22,347.7,353.7,357.6,342.25,355.75,2.32
28102019,56.23,355.75,358.0,358.0,350.0,355.55,-0.06
29102019,33.9,355.55,359.0,368.0,349.0,354.75,-0.23
30102019,30.37,354.75,354.6,358.0,346.0,355.8,0.3
31102019,77.83,355.8,359.0,359.0,346.0,352.15,-1.03
01112019,55.36,352.15,356.9,364.0,352.15,359.85,2.19
04112019,84.76,359.85,358.1,374.9,352.0,369.9,2.79
05112019,45.78,369.9,369.9,376.85,356.5,360.25,-2.61
06112019,27.47,360.25,360.0,365.0,355.55,358.65,-0.44
07112019,40.11,358.65,359.0,377.9,355.65,372.0,3.72
08112019,72.83,372.0,373.7,379.05,367.7,372.1,0.03
11112019,50.05,372.1,375.8,375.9,356.0,369.75,-0.63
12112019,50.05,372.1,375.8,375.9,356.0,369.75,-0.63
13112019,60.06,369.75,361.05,366.95,353.3,357.4,-3.34
14112019,49.92,357.4,353.0,357.95,350.05,353.95,-0.97
15112019,82.45,353.95,351.45,356.0,350.1,353.45,-0.14
18112019,62.05,353.45,352.05,359.5,348.0,351.9,-0.44
19112019,42.13,351.9,356.0,367.75,346.6,353.0,0.31
20112019,36.58,353.0,351.2,362.5,348.2,354.0,0.28
21112019,52.46,354.0,352.5,359.0,348.55,352.8,-0.34
22112019,42.57,352.8,353.9,372.0,350.15,361.9,2.58
25112019,47.64,361.9,363.9,386.0,360.1,375.05,3.63
26112019,55.33,375.05,376.95,385.0,355.8,360.8,-3.8
27112019,35.41,360.8,363.9,432.95,362.3,412.3,14.27
28112019,20.48,412.3,423.0,464.8,413.8,447.95,8.65
29112019,24.98,447.95,445.8,459.8,440.0,445.15,-0.63
02122019,27.68,445.15,443.95,454.0,412.0,420.8,-5.47
03122019,38.06,420.8,425.05,426.1,406.25,409.5,-2.69
04122019,28.64,409.5,409.0,429.7,406.05,410.35,0.21
05122019,49.61,410.35,411.0,413.85,401.25,403.55,-1.66
06122019,61.52,403.55,405.2,408.15,395.0,395.35,-2.03
09122019,33.76,395.35,396.8,404.0,391.0,396.85,0.38
10122019,57.27,396.85,397.4,406.4,387.0,389.8,-1.78
11122019,58.51,389.8,392.9,395.05,380.45,386.95,-0.73
12122019,63.25,386.95,389.3,394.0,380.9,391.35,1.14
13122019,39.45,391.35,390.85,399.9,389.5,392.95,0.41
16122019,49.02,392.95,389.05,395.6,380.0,382.6,-2.63
17122019,41.97,382.6,384.9,390.0,380.0,387.75,1.35
18122019,19.75,387.75,387.8,424.9,382.9,395.4,1.97
19122019,24.85,395.4,399.4,404.1,389.3,396.6,0.3
20122019,46.39,396.6,402.8,402.8,382.0,386.8,-2.47
23122019,34.77,386.8,387.9,392.0,382.15,386.25,-0.14
24122019,22.82,386.25,388.9,408.0,382.8,395.55,2.41
25122019,22.82,386.25,388.9,408.0,382.8,395.55,2.41
26122019,20.87,395.55,398.75,398.75,385.0,391.0,-1.15
27122019,34.89,391.0,394.0,397.75,388.5,391.2,0.05
30122019,39.26,391.2,391.2,396.0,383.3,385.8,-1.38
31122019,22.54,385.8,386.2,414.7,383.0,396.95,2.89
01012020,26.24,396.95,397.3,404.0,393.05,399.35,0.6
02012020,27.44,399.35,400.95,411.0,399.6,404.75,1.35
03012020,38.68,404.75,404.5,425.0,398.3,420.75,3.95
06012020,34.94,420.75,417.8,422.0,401.05,415.95,-1.14
07012020,32.27,415.95,422.0,434.0,411.35,417.0,0.25
08012020,13.56,417.0,411.25,424.0,402.9,416.85,-0.04
09012020,43.17,416.85,420.0,426.45,410.1,413.75,-0.74
10012020,32.64,413.75,415.0,421.5,404.0,406.65,-1.72
13012020,35.76,406.65,412.0,423.0,406.1,421.8,3.73
14012020,40.18,421.8,422.0,432.65,421.55,429.15,1.74
15012020,42.94,429.15,428.2,440.0,425.0,436.85,1.79
16012020,39.65,436.85,436.85,444.0,432.55,437.75,0.21
17012020,36.69,437.75,433.35,439.85,427.45,435.8,-0.45
20012020,27.14,435.8,436.8,450.0,425.0,438.6,0.64
21012020,34.41,438.6,435.0,449.8,430.6,447.2,1.96
22012020,30.27,447.2,449.0,455.0,442.05,448.35,0.26
23012020,34.63,448.35,435.35,458.0,421.95,454.0,1.26
24012020,46.55,454.0,455.05,458.6,436.0,453.2,-0.18
27012020,53.8,453.2,453.2,453.85,442.0,445.8,-1.63
28012020,54.23,445.8,444.3,449.8,434.25,437.15,-1.94
29012020,65.38,437.15,433.15,441.85,422.2,427.1,-2.3
30012020,35.07,427.1,438.5,438.5,415.0,419.25,-1.84
31012020,40.8,419.25,418.0,422.95,410.9,416.4,-0.68
03022020,50.11,406.95,400.0,411.5,395.2,400.4,-1.61
04022020,37.99,400.4,407.0,417.0,403.05,414.4,3.5
05022020,29.79,414.4,423.0,424.0,408.0,416.15,0.42
06022020,50.53,416.15,418.2,423.8,411.45,419.8,0.88
07022020,44.21,419.8,421.4,422.0,409.6,413.4,-1.52
10022020,39.4,413.4,415.45,420.8,408.65,412.9,-0.12
11022020,43.69,412.9,417.7,418.9,410.0,414.6,0.41
12022020,35.1,414.6,417.9,417.9,392.2,396.7,-4.32
13022020,41.16,396.7,404.0,410.7,390.1,400.05,0.84
14022020,40.65,400.05,403.0,403.8,387.0,390.4,-2.41
17022020,34.64,390.4,388.1,394.25,383.0,385.7,-1.2
18022020,40.69,385.7,387.5,393.2,383.35,390.25,1.18
19022020,27.79,390.25,395.0,395.0,382.1,384.4,-1.5
20022020,18.19,384.4,390.0,445.9,380.05,391.85,1.94
21022020,18.19,384.4,390.0,445.9,380.05,391.85,1.94
24022020,50.57,391.85,388.0,394.8,380.0,388.6,-0.83
25022020,51.67,388.6,395.0,398.35,381.0,385.3,-0.85
26022020,51.08,385.3,385.3,388.0,375.0,379.85,-1.41
27022020,37.82,379.85,381.0,381.25,362.95,375.15,-1.24
28022020,57.81,375.15,365.4,372.95,357.7,360.9,-3.8
02032020,52.95,360.9,368.9,379.0,350.1,356.85,-1.12
03032020,23.63,356.85,364.3,367.45,351.05,360.55,1.04
04032020,23.04,360.55,364.85,365.95,340.6,350.5,-2.79
05032020,21.9,350.5,352.0,355.95,341.1,346.85,-1.04
06032020,34.69,346.85,339.9,347.7,330.05,341.55,-1.53
09032020,33.24,341.55,330.0,335.0,316.65,329.2,-3.62
10032020,33.24,341.55,330.0,335.0,316.65,329.2,-3.62
11032020,31.85,329.2,334.0,344.0,317.05,318.55,-3.24
12032020,42.11,318.55,318.5,318.5,262.0,267.8,-15.93
13032020,42.45,267.8,227.5,272.9,222.55,250.55,-6.44
16032020,55.25,250.55,250.0,264.9,231.75,253.75,1.28
17032020,34.94,253.75,256.0,263.9,236.0,246.55,-2.84
18032020,37.56,246.55,247.1,268.7,224.0,228.45,-7.34
19032020,36.14,228.45,225.0,233.95,200.0,216.05,-5.43
20032020,32.88,216.05,229.0,243.0,221.25,236.5,9.47
23032020,47.25,236.5,233.0,257.8,215.0,234.25,-0.95
24032020,50.21,234.25,247.25,255.0,205.0,230.05,-1.79
25032020,50.72,230.05,228.0,233.0,222.0,227.05,-1.3
26032020,49.6,227.05,231.0,243.25,228.05,238.25,4.93
27032020,48.54,238.25,246.0,258.0,225.65,229.55,-3.65
30032020,41.01,229.55,229.55,235.15,224.75,233.75,1.83
31032020,47.38,233.75,235.0,238.9,231.75,233.15,-0.26
01042020,57.85,233.15,241.0,241.0,231.35,236.2,1.31
02042020,57.85,233.15,241.0,241.0,231.35,236.2,1.31
03042020,58.8,236.2,249.0,250.0,233.5,235.1,-0.47
06042020,58.8,236.2,249.0,250.0,233.5,235.1,-0.47
07042020,52.9,235.1,252.0,252.0,230.0,235.4,0.13
08042020,96.75,235.4,236.95,277.6,231.2,262.8,11.64
09042020,31.08,262.8,275.0,292.9,268.1,287.65,9.46
10042020,31.08,262.8,275.0,292.9,268.1,287.65,9.46
13042020,32.92,287.65,298.0,345.15,290.0,334.6,16.32
15042020,21.95,334.6,350.0,385.0,345.15,356.2,6.46
16042020,61.31,356.2,367.0,367.0,323.05,347.1,-2.55
17042020,53.87,347.1,360.0,377.0,346.0,370.8,6.83
20042020,49.87,370.8,379.0,382.0,361.0,372.55,0.47
21042020,76.49,372.55,360.0,373.6,355.0,366.4,-1.65
22042020,59.14,366.4,361.0,380.0,361.0,377.25,2.96
23042020,54.6,377.25,383.0,404.4,361.1,373.15,-1.09
24042020,57.04,373.15,373.0,378.0,357.0,369.95,-0.86
27042020,61.01,369.95,374.0,375.0,363.0,366.85,-0.84
28042020,69.73,366.85,374.3,379.9,364.05,376.95,2.75
29042020,56.75,376.95,376.95,407.95,368.0,404.7,7.36
30042020,51.5,404.7,414.1,435.0,411.5,430.55,6.39
01052020,51.5,404.7,414.1,435.0,411.5,430.55,6.39
04052020,50.86,430.55,427.8,473.6,406.1,471.75,9.57
05052020,60.49,471.75,490.0,495.3,448.2,448.2,-4.99
06052020,86.4,448.2,428.05,433.0,425.8,425.8,-5.0
07052020,63.95,425.8,410.0,425.8,404.55,404.55,-4.99
08052020,61.24,404.55,404.55,420.0,399.95,415.0,2.58
11052020,66.83,415.0,419.9,420.0,410.0,417.4,0.58
12052020,60.28,417.4,412.0,424.0,405.0,417.25,-0.04
13052020,77.1,417.25,426.0,438.1,418.0,438.1,5.0
14052020,50.58,438.1,432.2,460.0,432.2,443.75,1.29
15052020,66.34,443.75,450.0,455.0,431.15,451.2,1.68
18052020,52.95,451.2,452.05,467.0,440.0,447.45,-0.83
19052020,38.18,447.45,451.75,460.0,445.0,449.85,0.54
20052020,56.18,449.85,451.75,468.5,448.9,465.3,3.43
21052020,65.01,465.3,471.95,488.55,466.0,488.55,5.0
22052020,59.66,488.55,486.0,512.95,474.55,498.35,2.01
25052020,59.66,488.55,486.0,512.95,474.55,498.35,2.01
26052020,49.23,498.35,495.05,518.9,490.0,514.45,3.23
27052020,39.31,514.45,516.0,517.9,490.0,500.9,-2.63
28052020,49.27,500.9,503.0,506.55,493.25,500.9,0.0
29052020,62.59,500.9,500.9,500.9,475.9,476.7,-4.83
01062020,49.49,476.7,475.0,478.4,458.8,469.65,-1.48
02062020,47.85,469.65,479.0,488.0,470.75,477.0,1.56
03062020,37.27,477.0,482.95,484.9,469.25,477.6,0.13
04062020,60.05,477.6,475.0,486.25,472.15,479.2,0.34
05062020,57.99,479.2,477.1,485.0,467.0,469.55,-2.01
08062020,43.83,469.55,469.5,478.95,464.0,473.15,0.77
09062020,62.96,473.15,473.15,478.45,462.05,465.25,-1.67
10062020,64.65,465.25,472.0,472.0,459.8,468.05,0.6
11062020,50.58,468.05,470.0,473.7,460.6,462.0,-1.29
12062020,48.13,462.0,456.0,493.45,446.95,485.3,5.04
15062020,49.82,485.3,471.0,533.8,471.0,533.8,9.99
16062020,31.14,533.8,559.3,587.15,535.0,579.15,8.5
17062020,32.38,579.15,588.0,610.0,577.2,596.4,2.98
18062020,44.41,596.4,588.4,610.0,573.25,584.8,-1.95
19062020,63.19,584.8,593.0,597.5,584.6,589.45,0.8
22062020,42.67,589.45,596.9,606.0,570.0,582.05,-1.26
23062020,58.87,582.05,585.0,601.0,585.0,588.4,1.09
24062020,68.88,588.4,590.0,593.0,570.0,572.7,-2.67
25062020,68.88,572.7,570.0,601.3,566.7,598.85,4.57
26062020,68.94,598.85,605.0,606.6,582.65,589.55,-1.55
29062020,69.98,589.55,595.5,619.0,575.15,619.0,5.0
30062020,43.9,619.0,625.95,643.9,605.0,611.75,-1.17
01072020,59.12,611.75,614.35,622.95,602.4,606.1,-0.92
02072020,67.67,606.1,614.5,616.95,606.5,610.5,0.73
03072020,54.29,610.5,606.5,630.0,606.5,621.5,1.8
06072020,62.21,621.5,628.8,630.0,620.05,623.6,0.34
07072020,66.54,623.6,624.9,637.5,618.0,630.5,1.11
08072020,66.54,630.5,632.0,635.0,619.0,623.25,-1.15
09072020,56.79,623.25,635.0,635.0,621.25,625.7,0.39
10072020,48.93,625.7,628.0,649.0,625.0,634.3,1.37
13072020,72.3,634.3,640.0,666.0,640.0,666.0,5.0
14072020,99.66,666.0,699.3,699.3,695.6,699.3,5.0
15072020,66.35,699.3,734.25,734.25,671.0,717.45,2.6
16072020,85.82,717.45,717.0,717.0,681.6,681.6,-5.0
17072020,77.18,681.6,656.0,704.9,656.0,668.75,-1.89
20072020,80.59,668.75,689.0,702.15,661.0,702.15,4.99
21072020,43.37,702.15,714.0,728.0,670.1,684.95,-2.45
22072020,62.11,684.95,703.8,703.8,663.35,669.45,-2.26
23072020,67.54,669.45,669.0,683.8,649.0,652.35,-2.55
24072020,66.95,652.35,653.0,653.4,630.0,636.15,-2.48
27072020,60.14,636.15,627.3,667.95,615.0,661.45,3.98
28072020,63.15,661.45,675.0,694.5,668.95,694.5,5.0
29072020,64.03,694.5,726.4,729.2,700.0,726.0,4.54
30072020,42.82,726.0,727.0,759.0,701.1,723.6,-0.33
31072020,71.73,723.6,759.75,759.75,731.25,759.75,5.0
03082020,58.86,759.75,784.0,797.7,770.25,797.7,5.0
04082020,63.95,797.7,820.0,837.55,791.0,830.65,4.13
05082020,64.19,830.65,828.4,864.55,789.15,804.1,-3.2
06082020,60.57,804.1,804.0,844.3,804.0,844.3,5.0
07082020,50.22,844.3,858.4,885.45,809.0,814.2,-3.57
10082020,75.78,814.2,834.8,854.9,820.0,853.1,4.78
11082020,55.38,853.1,857.4,883.0,811.0,817.65,-4.16
12082020,62.61,817.65,818.0,830.0,776.8,786.4,-3.82
13082020,54.65,786.4,795.0,810.0,755.0,774.7,-1.49
14082020,66.14,774.7,792.0,813.4,763.65,813.4,5.0
17082020,85.47,813.4,834.7,854.0,822.5,846.7,4.09
18082020,56.88,846.7,860.0,885.0,840.1,879.8,3.91
19082020,49.76,879.8,880.0,914.75,880.0,904.5,2.81
20082020,89.19,904.5,903.0,930.0,875.1,903.85,-0.07
21082020,70.8,903.85,914.5,914.5,885.0,890.3,-1.5
24082020,54.86,890.3,891.0,900.0,870.0,890.15,-0.02
25082020,66.65,890.15,897.0,897.0,875.55,885.5,-0.52
26082020,75.39,885.5,886.2,887.0,868.0,871.8,-1.55
27082020,53.46,871.8,870.0,896.0,865.0,882.75,1.26
28082020,61.12,882.75,890.0,894.8,855.6,871.65,-1.26
31082020,75.44,871.65,875.0,890.0,855.05,870.65,-0.11
01092020,32.01,870.65,867.0,882.0,855.05,869.9,-0.09
02092020,75.76,869.9,870.05,894.15,851.0,863.5,-0.74
03092020,55.52,863.5,876.9,906.65,862.0,888.3,2.87
04092020,46.95,888.3,872.0,920.0,852.15,907.25,2.13
07092020,60.83,907.25,919.0,919.0,882.0,888.05,-2.12
08092020,65.42,888.05,896.8,915.0,878.0,890.05,0.23
09092020,75.26,890.05,876.0,889.2,861.0,872.5,-1.97
10092020,83.68,872.5,885.7,897.95,870.0,871.95,-0.06
11092020,77.37,871.95,874.7,885.0,861.05,863.1,-1.01
14092020,67.8,863.1,880.0,906.25,867.0,893.6,3.53
15092020,59.29,893.6,893.6,935.0,893.6,916.95,2.61
16092020,57.34,916.95,919.0,928.0,884.95,892.35,-2.68
17092020,68.22,892.35,894.0,905.5,880.0,889.35,-0.34
18092020,79.34,889.35,900.0,903.0,844.9,849.25,-4.51
21092020,60.87,849.25,876.7,876.7,806.8,817.5,-3.74
22092020,70.82,817.5,820.0,829.95,777.0,808.6,-1.09
23092020,54.66,808.6,820.0,830.0,783.6,805.75,-0.35
24092020,72.86,805.75,801.0,805.75,778.0,782.5,-2.89
25092020,54.47,782.5,794.0,821.6,782.95,819.35,4.71
28092020,60.3,819.35,822.0,860.3,821.0,860.3,5.0
29092020,35.7,860.3,876.0,884.9,834.4,847.05,-1.54
30092020,54.41,847.05,845.8,872.0,831.4,847.4,0.04
01102020,48.71,847.4,837.0,865.0,832.0,838.35,-1.07
05102020,62.24,838.35,859.0,863.0,835.0,853.8,1.84
06102020,70.1,853.8,859.7,865.0,850.0,853.4,-0.05
07102020,65.98,853.4,861.75,861.75,828.5,845.25,-0.96
08102020,79.82,845.25,846.2,881.85,845.25,877.45,3.81
09102020,53.42,877.45,867.0,877.95,857.0,860.2,-1.97
12102020,69.53,860.2,870.0,873.6,852.0,865.15,0.58
13102020,59.8,865.15,868.7,880.0,855.0,861.95,-0.37
14102020,42.2,861.95,861.95,895.0,847.5,859.55,-0.28
15102020,62.21,859.55,869.8,875.0,835.0,836.4,-2.69
16102020,64.31,836.4,837.4,878.2,837.4,875.65,4.69
19102020,46.93,875.65,919.4,919.4,919.4,919.4,5.0
20102020,51.15,919.4,929.0,965.35,910.0,960.0,4.42
21102020,67.53,960.0,960.0,969.8,915.0,925.65,-3.58
22102020,37.3,925.65,929.9,948.0,915.0,924.85,-0.09
23102020,52.27,924.85,932.75,934.6,906.6,919.0,-0.63
26102020,47.8,919.0,926.9,964.95,925.0,964.95,5.0
27102020,51.88,964.95,973.0,989.4,916.75,922.05,-4.45
28102020,56.85,922.05,928.8,949.0,900.0,910.95,-1.2
29102020,58.43,910.95,908.0,915.7,875.55,890.95,-2.2
30102020,54.07,890.95,890.0,935.45,885.1,933.3,4.75
02112020,67.87,933.3,975.0,975.0,941.1,957.3,2.57
03112020,71.49,957.3,969.0,970.0,943.65,967.55,1.07
04112020,60.16,967.55,968.0,974.95,939.05,958.35,-0.95
05112020,76.7,958.35,972.7,972.7,960.15,968.85,1.1
06112020,71.74,968.85,968.85,1017.0,950.5,994.8,2.68
09112020,63.78,994.8,1014.0,1030.7,990.0,1013.4,1.87
10112020,59.72,1013.4,1025.0,1064.05,1005.0,1055.45,4.15
11112020,72.04,1055.45,1053.0,1053.0,1002.7,1007.05,-4.59
12112020,27.95,1007.05,1023.6,1023.6,980.1,989.7,-1.72
13112020,50.92,989.7,989.95,1023.0,979.1,1011.6,2.21
16112020,66.41,1011.6,1019.0,1025.0,1015.0,1019.8,0.81
17112020,64.21,1019.8,1006.0,1030.0,996.25,999.6,-1.98
18112020,70.35,999.6,1018.7,1018.7,985.2,993.15,-0.65
19112020,66.0,993.15,993.15,1025.45,992.65,1017.05,2.41
20112020,54.5,1017.05,1019.0,1044.95,1012.8,1034.65,1.73
23112020,72.89,1034.65,1034.65,1044.0,989.0,1006.95,-2.68
24112020,69.05,1006.95,1006.0,1057.25,1000.05,1052.15,4.49
25112020,43.0,1052.15,1065.0,1104.75,1015.0,1026.55,-2.43
26112020,54.51,1026.55,1035.0,1077.85,1002.15,1070.3,4.26
27112020,46.7,1070.3,1080.0,1100.0,1052.0,1061.55,-0.82
30112020,46.7,1070.3,1080.0,1100.0,1052.0,1061.55,-0.82
01122020,52.33,1061.55,1062.0,1073.9,1025.1,1038.95,-2.13
02122020,40.39,1038.95,1046.0,1068.0,1035.0,1051.05,1.16
03122020,60.96,1051.05,1052.55,1057.75,1022.0,1024.55,-2.52
04122020,52.59,1024.55,1041.7,1041.7,1008.0,1014.2,-1.01
07122020,50.64,1014.2,1000.1,1074.0,1000.1,1040.15,2.56
08122020,43.04,1040.15,1054.65,1054.65,1021.0,1035.6,-0.44
09122020,47.66,1035.6,1032.0,1046.0,1022.8,1027.95,-0.74
10122020,38.16,1027.95,1040.0,1069.0,1024.0,1031.85,0.38
11122020,36.0,1031.85,1031.85,1048.0,1012.05,1036.45,0.45
14122020,52.03,1036.45,1031.15,1050.0,1027.95,1030.75,-0.55
15122020,57.42,1030.75,1030.75,1045.0,1030.75,1039.15,0.81
16122020,54.89,1039.15,1035.0,1058.05,1032.5,1048.85,0.93
17122020,46.75,1048.85,1050.0,1059.0,1040.0,1041.5,-0.7
18122020,62.54,1041.5,1049.85,1055.0,990.0,999.2,-4.06
21122020,51.7,999.2,1001.0,1019.95,899.3,957.4,-4.18
22122020,36.25,957.4,944.35,1014.4,888.3,1004.65,4.94
23122020,48.15,1004.65,1007.0,1062.0,1000.95,1046.9,4.21
24122020,33.16,1046.9,1090.0,1144.95,1056.0,1070.9,2.29
25122020,33.16,1046.9,1090.0,1144.95,1056.0,1070.9,2.29
28122020,42.65,1070.9,1071.0,1079.75,1052.0,1064.95,-0.56
29122020,46.05,1064.95,1065.0,1079.0,1045.05,1069.9,0.46
30122020,30.68,1069.9,1085.2,1085.2,1055.1,1075.9,0.56
31122020,42.96,1075.9,1079.9,1105.0,1060.55,1100.7,2.31
01012021,40.23,1100.7,1091.0,1103.35,1081.9,1094.6,-0.55
04012021,54.22,1094.6,1106.2,1115.0,1072.5,1107.05,1.14
05012021,50.33,1107.05,1115.0,1120.0,1083.0,1112.9,0.53
06012021,57.92,1112.9,1118.9,1118.9,1065.0,1074.05,-3.49
07012021,62.39,1074.05,1084.85,1089.0,1066.05,1079.65,0.52
08012021,68.03,1079.65,1071.35,1089.4,1048.9,1061.25,-1.7
11012021,46.22,1061.25,1074.7,1085.0,1047.2,1061.9,0.06
12012021,33.83,1061.9,1079.8,1168.05,1036.0,1111.85,4.7
13012021,49.41,1111.85,1100.0,1108.0,1062.0,1079.0,-2.95
14012021,47.59,1079.0,1084.5,1105.0,1055.0,1088.55,0.89
15012021,49.38,1088.55,1090.0,1110.0,1075.1,1096.1,0.69
18012021,46.32,1096.1,1100.0,1135.0,1077.1,1119.5,2.13
19012021,43.0,1119.5,1121.95,1143.0,1091.05,1129.05,0.85
20012021,26.33,1129.05,1085.0,1098.5,1040.0,1051.35,-6.88
21012021,35.13,1051.35,1060.0,1080.0,1030.1,1040.25,-1.06
22012021,44.8,1040.25,1050.0,1052.0,1026.0,1032.5,-0.75
25012021,92.34,1032.5,1044.0,1051.95,1020.0,1030.8,-0.16
27012021,35.06,1030.8,1032.0,1032.0,975.0,982.6,-4.68
28012021,55.41,982.6,988.0,1000.0,968.95,972.6,-1.02
29012021,37.62,972.6,974.0,1020.0,974.0,1006.0,3.43
01022021,39.6,1006.0,995.1,1004.95,950.05,983.2,-2.27
02022021,35.82,983.2,994.95,1014.8,971.05,981.65,-0.16
03022021,34.53,981.65,981.65,1009.0,980.0,996.7,1.53
04022021,38.28,996.7,999.4,1060.0,997.0,1052.15,5.56
05022021,35.01,1052.15,1057.45,1065.0,1022.45,1036.85,-1.45
08022021,39.87,1036.85,1057.9,1057.9,1020.0,1024.3,-1.21
09022021,45.69,1024.3,1034.0,1067.5,1010.45,1048.0,2.31
10022021,48.0,1048.0,1040.05,1047.1,1016.15,1028.6,-1.85
11022021,39.99,1028.6,1034.0,1047.65,1018.0,1029.1,0.05
12022021,54.0,1029.1,1037.7,1037.7,1000.0,1014.35,-1.43
15022021,61.33,1014.35,1024.0,1024.65,990.0,994.55,-1.95
16022021,18.68,994.55,1018.0,1118.9,974.7,1051.5,5.73
17022021,33.72,1051.5,1057.8,1081.85,1031.6,1057.65,0.58
18022021,45.91,1057.65,1066.7,1066.85,1045.05,1055.45,-0.21
19022021,46.58,1055.45,1048.0,1048.35,1000.0,1002.95,-4.97
22022021,25.14,1002.95,1008.9,1048.0,1001.0,1018.2,1.52
23022021,33.27,1018.2,1060.0,1067.0,1036.0,1046.85,2.81
24022021,38.97,1046.85,1055.0,1058.05,1003.1,1050.25,0.32
25022021,43.71,1050.25,1058.0,1100.0,1049.35,1096.35,4.39
26022021,35.15,1096.35,1065.0,1107.0,1032.0,1081.7,-1.34
01032021,46.34,1081.7,1095.0,1124.0,1086.0,1114.8,3.06
02032021,36.93,1114.8,1120.8,1333.95,1099.2,1202.95,7.91
03032021,38.11,1202.95,1260.0,1342.15,1220.1,1228.75,2.14
04032021,55.92,1228.75,1221.0,1259.9,1220.0,1242.3,1.1
05032021,49.71,1242.3,1260.0,1278.3,1236.8,1251.0,0.7
08032021,63.94,1251.0,1251.15,1367.65,1251.0,1333.15,6.57
09032021,40.6,1333.15,1343.8,1350.0,1264.25,1300.05,-2.48
10032021,39.38,1300.05,1305.15,1343.85,1280.0,1290.35,-0.75
11032021,39.38,1300.05,1305.15,1343.85,1280.0,1290.35,-0.75
12032021,30.73,1290.35,1300.0,1334.0,1267.35,1291.75,0.11
15032021,45.31,1291.75,1300.0,1330.0,1265.0,1293.8,0.16
16032021,50.18,1293.8,1210.0,1252.9,1201.25,1214.8,-6.11
17032021,56.99,1214.8,1177.0,1189.7,1135.1,1141.1,-6.07
18032021,51.1,1141.1,1162.9,1173.7,1142.1,1166.2,2.2
19032021,59.58,1166.2,1153.0,1180.0,1134.05,1175.2,0.77
22032021,55.84,1175.2,1180.0,1194.7,1140.35,1160.65,-1.24
23032021,61.17,1160.65,1149.0,1151.7,1107.4,1113.2,-4.09
24032021,53.73,1113.2,1112.9,1120.0,1060.0,1096.45,-1.5
25032021,66.86,1096.45,1094.95,1094.95,1052.0,1072.35,-2.2
26032021,51.54,1072.35,1087.4,1133.7,1073.1,1117.85,4.24
29032021,51.54,1072.35,1087.4,1133.7,1073.1,1117.85,4.24
30032021,60.5,1117.85,1133.0,1137.9,1081.1,1091.5,-2.36
31032021,69.49,1091.5,1090.0,1097.6,1060.15,1062.8,-2.63
01042021,36.76,1062.8,1062.8,1134.9,1062.8,1122.9,5.65
02042021,36.76,1062.8,1062.8,1134.9,1062.8,1122.9,5.65
05042021,75.05,1122.9,1119.0,1132.85,1080.2,1112.55,-0.92
06042021,40.78,1112.55,1120.0,1137.0,1103.0,1114.05,0.13
07042021,72.19,1114.05,1115.0,1124.95,1108.2,1116.3,0.2
08042021,68.34,1116.3,1115.0,1126.0,1098.0,1100.0,-1.46
09042021,74.36,1100.0,1100.0,1126.25,1092.0,1115.45,1.4
12042021,66.05,1115.45,1110.0,1110.85,1066.0,1074.55,-3.67
13042021,47.93,1074.55,1092.0,1144.0,1090.1,1100.5,2.41
14042021,47.93,1074.55,1092.0,1144.0,1090.1,1100.5,2.41
15042021,55.91,1100.5,1100.3,1132.5,1100.3,1114.35,1.26
16042021,57.91,1114.35,1114.7,1129.45,1104.05,1108.6,-0.52
19042021,59.15,1108.6,1090.0,1118.0,1090.0,1110.2,0.14
20042021,62.49,1110.2,1124.7,1150.0,1099.2,1128.6,1.66
21042021,62.49,1110.2,1124.7,1150.0,1099.2,1128.6,1.66
22042021,64.02,1128.6,1129.5,1134.9,1110.6,1124.75,-0.34
23042021,51.9,1124.75,1125.0,1168.0,1116.0,1139.4,1.3
26042021,55.23,1139.4,1132.2,1162.0,1132.2,1157.05,1.55
27042021,45.49,1157.05,1152.5,1189.0,1151.0,1155.65,-0.12
28042021,57.42,1155.65,1161.95,1164.65,1135.05,1149.6,-0.52
29042021,47.61,1149.6,1149.6,1150.0,1105.0,1111.75,-3.29
30042021,64.66,1111.75,1110.0,1124.85,1081.0,1100.2,-1.04
03052021,37.1,1100.2,1100.2,1116.8,1091.25,1104.55,0.4
04052021,63.05,1104.55,1104.0,1116.75,1090.0,1094.4,-0.92
05052021,52.49,1094.4,1100.0,1112.05,1069.0,1086.9,-0.69
06052021,57.02,1086.9,1088.0,1122.0,1086.65,1104.15,1.59
07052021,64.47,1104.15,1110.0,1118.0,1060.05,1087.45,-1.51
10052021,66.67,1087.45,1100.0,1105.0,1081.0,1087.2,-0.02
11052021,50.48,1087.2,1080.0,1099.0,1070.2,1079.75,-0.69
12052021,58.33,1079.75,1079.0,1102.85,1076.8,1084.1,0.4
13052021,58.33,1079.75,1079.0,1102.85,1076.8,1084.1,0.4
14052021,67.59,1084.1,1085.3,1096.75,1078.55,1084.15,0.0
17052021,66.72,1084.15,1093.95,1094.0,1067.15,1070.6,-1.25
18052021,78.16,1070.6,1079.9,1086.25,1067.0,1069.5,-0.1
19052021,64.04,1069.5,1066.05,1094.5,1055.0,1058.25,-1.05
20052021,69.17,1058.25,1069.3,1084.5,1051.0,1081.85,2.23
21052021,67.86,1081.85,1088.9,1088.9,1065.0,1067.9,-1.29
24052021,67.73,1067.9,1075.0,1075.95,1053.75,1057.7,-0.96
25052021,54.64,1057.7,1068.65,1070.5,1045.1,1047.85,-0.93
26052021,41.56,1047.85,1040.3,1085.0,1037.05,1061.1,1.26
27052021,40.64,1061.1,1067.0,1069.7,1048.0,1053.65,-0.7
28052021,46.81,1053.65,1063.0,1063.0,1044.0,1049.1,-0.43
31052021,61.62,1049.1,1060.0,1077.8,1055.05,1074.0,2.37
01062021,44.62,1074.0,1077.9,1134.8,1075.0,1122.95,4.56
02062021,50.88,1122.95,1145.0,1154.3,1120.8,1136.9,1.24
03062021,52.81,1136.9,1140.0,1142.9,1116.7,1121.7,-1.34
04062021,49.08,1121.7,1125.05,1151.8,1125.05,1141.0,1.72
07062021,44.73,1141.0,1146.0,1235.0,1141.05,1223.7,7.25
08062021,41.49,1223.7,1234.0,1254.0,1212.0,1223.85,0.01
09062021,40.96,1223.85,1233.0,1268.95,1200.0,1230.75,0.56
10062021,49.37,1230.75,1260.0,1278.6,1240.1,1258.55,2.26
11062021,51.31,1258.55,1269.5,1297.8,1266.8,1287.0,2.26
14062021,35.68,1287.0,1286.4,1342.0,1227.05,1336.7,3.86
15062021,66.45,1336.7,1343.0,1347.9,1311.3,1326.3,-0.78
16062021,54.1,1326.3,1326.3,1329.9,1286.6,1302.2,-1.82
17062021,59.36,1302.2,1287.0,1304.9,1261.25,1271.7,-2.34
18062021,45.4,1271.7,1272.25,1285.0,1191.55,1254.8,-1.33
21062021,43.86,1254.8,1246.0,1290.0,1217.0,1270.25,1.23
22062021,44.43,1270.25,1272.0,1327.35,1262.7,1269.1,-0.09
23062021,62.15,1269.1,1279.3,1291.25,1266.1,1277.5,0.66
24062021,50.61,1277.5,1273.8,1285.0,1255.15,1282.15,0.36
25062021,43.22,1282.15,1292.0,1312.5,1280.0,1289.15,0.55
28062021,51.14,1289.15,1309.9,1313.45,1280.0,1290.45,0.1
29062021,50.96,1290.45,1292.0,1305.0,1275.5,1287.95,-0.19
30062021,55.47,1287.95,1285.0,1304.05,1280.0,1287.1,-0.07
01072021,42.42,1287.1,1298.0,1335.95,1287.15,1319.65,2.53
02072021,56.13,1319.65,1331.65,1332.0,1310.85,1329.0,0.71
05072021,43.08,1329.0,1335.0,1388.0,1319.8,1361.2,2.42
06072021,43.02,1361.2,1374.0,1383.0,1351.0,1360.75,-0.03
07072021,63.15,1360.75,1368.95,1369.0,1326.65,1358.1,-0.19
08072021,86.41,1358.1,1357.95,1362.15,1330.0,1348.9,-0.68
09072021,51.98,1348.9,1350.0,1360.0,1320.1,1333.1,-1.17
12072021,49.7,1333.1,1336.9,1363.0,1335.1,1353.2,1.51
13072021,57.29,1353.2,1358.95,1368.0,1346.0,1359.8,0.49
14072021,33.26,1359.8,1368.75,1438.0,1340.0,1403.35,3.2
15072021,43.64,1403.35,1412.0,1426.65,1381.0,1390.45,-0.92
16072021,51.41,1390.45,1385.0,1412.75,1355.1,1361.15,-2.11
19072021,42.3,1361.15,1360.8,1399.75,1355.0,1385.45,1.79
20072021,37.52,1385.45,1395.0,1402.0,1352.0,1381.05,-0.32
21072021,37.52,1385.45,1395.0,1402.0,1352.0,1381.05,-0.32
22072021,65.3,1381.05,1393.0,1415.0,1344.0,1357.5,-1.71
23072021,52.5,1357.5,1374.9,1396.0,1355.0,1373.75,1.2
26072021,66.65,1373.75,1355.0,1376.05,1335.85,1349.55,-1.76
27072021,45.02,1349.55,1357.0,1387.0,1324.2,1348.0,-0.11
28072021,26.31,1348.0,1354.9,1488.0,1327.75,1425.4,5.74
29072021,43.28,1425.4,1433.0,1467.6,1410.4,1426.6,0.08
30072021,42.78,1426.6,1429.0,1463.5,1418.8,1442.35,1.1
02082021,39.12,1442.35,1453.8,1490.0,1437.6,1480.55,2.65
03082021,53.31,1480.55,1494.0,1522.0,1447.0,1513.25,2.21
04082021,60.26,1513.25,1520.0,1520.0,1476.0,1502.3,-0.72
05082021,48.23,1502.3,1480.0,1510.45,1455.25,1497.25,-0.34
06082021,49.53,1497.25,1505.0,1512.35,1476.0,1482.35,-1.0
09082021,49.36,1482.35,1482.0,1497.0,1465.0,1471.3,-0.75
10082021,45.3,1471.3,1480.0,1482.05,1390.25,1403.7,-4.59
11082021,54.54,1403.7,1405.15,1420.0,1340.1,1389.15,-1.04
12082021,58.39,1389.15,1400.9,1420.05,1356.65,1367.75,-1.54
13082021,61.92,1367.75,1368.0,1439.85,1368.0,1426.75,4.31
16082021,42.49,1426.75,1426.9,1426.9,1365.5,1375.4,-3.6
17082021,61.46,1375.4,1377.4,1424.0,1377.4,1398.9,1.71
18082021,43.08,1398.9,1410.3,1439.0,1390.1,1405.95,0.5
19082021,43.08,1398.9,1410.3,1439.0,1390.1,1405.95,0.5
20082021,28.77,1405.95,1400.0,1494.0,1384.25,1394.75,-0.8
23082021,54.1,1394.75,1404.0,1428.95,1365.0,1393.45,-0.09
24082021,57.67,1393.45,1393.45,1415.0,1371.45,1408.2,1.06
25082021,44.57,1408.2,1408.2,1436.0,1390.0,1401.4,-0.48
26082021,66.86,1401.4,1407.0,1419.0,1387.6,1392.0,-0.67
27082021,63.5,1392.0,1400.0,1411.0,1382.3,1388.2,-0.27
30082021,50.1,1388.2,1403.1,1447.0,1391.05,1426.85,2.78
31082021,48.86,1426.85,1429.95,1450.0,1405.0,1419.15,-0.54
01092021,66.86,1419.15,1431.9,1431.9,1378.45,1383.5,-2.51
02092021,65.07,1383.5,1394.05,1410.0,1370.0,1375.05,-0.61
03092021,59.14,1375.05,1395.0,1395.0,1363.45,1367.95,-0.52
06092021,70.45,1367.95,1377.95,1378.95,1356.1,1365.9,-0.15
07092021,32.45,1365.9,1367.0,1387.7,1357.3,1376.1,0.75
08092021,68.0,1376.1,1386.35,1394.4,1365.0,1370.2,-0.43
09092021,53.72,1370.2,1376.4,1376.4,1355.0,1357.95,-0.89
10092021,53.72,1370.2,1376.4,1376.4,1355.0,1357.95,-0.89
13092021,63.13,1357.95,1358.0,1369.0,1335.0,1346.8,-0.82
14092021,59.04,1346.8,1357.95,1379.15,1350.0,1359.9,0.97
15092021,59.45,1359.9,1360.0,1380.95,1353.0,1377.35,1.28
16092021,77.69,1377.35,1377.35,1388.15,1367.25,1382.5,0.37
17092021,45.18,1382.5,1390.0,1424.8,1360.1,1406.85,1.76
20092021,34.61,1406.85,1408.0,1460.0,1380.0,1396.35,-0.75
21092021,35.7,1396.35,1405.0,1429.0,1380.45,1423.15,1.92
22092021,45.32,1423.15,1430.0,1460.0,1425.05,1450.4,1.91
23092021,71.34,1450.4,1455.0,1480.0,1449.0,1462.0,0.8
24092021,40.69,1462.0,1467.4,1467.4,1415.05,1435.35,-1.82
27092021,66.66,1435.35,1450.0,1450.0,1420.0,1425.85,-0.66
28092021,42.59,1425.85,1425.85,1449.0,1375.0,1395.85,-2.1
29092021,74.39,1395.85,1400.1,1420.05,1396.15,1409.8,1.0
30092021,54.06,1409.8,1409.1,1419.05,1376.75,1391.75,-1.28
01102021,56.86,1391.75,1393.8,1417.0,1380.0,1410.65,1.36
04102021,28.4,1410.65,1420.0,1449.0,1400.1,1429.45,1.33
05102021,38.14,1429.45,1444.9,1469.8,1438.85,1451.25,1.53
06102021,40.47,1451.25,1459.9,1519.0,1430.0,1477.45,1.81
07102021,57.54,1477.45,1490.0,1490.0,1455.1,1470.7,-0.46
08102021,42.6,1470.7,1473.65,1477.35,1448.05,1458.15,-0.85
11102021,61.39,1458.15,1450.1,1460.7,1420.55,1433.2,-1.71
12102021,63.43,1433.2,1443.0,1444.9,1388.05,1393.25,-2.79
13102021,36.26,1393.25,1395.0,1500.0,1395.0,1456.0,4.5
14102021,49.41,1456.0,1477.0,1480.0,1426.25,1440.0,-1.1
15102021,49.41,1456.0,1477.0,1480.0,1426.25,1440.0,-1.1
18102021,51.17,1440.0,1484.0,1517.25,1452.5,1460.25,1.41
19102021,36.83,1460.25,1480.0,1540.0,1465.0,1497.2,2.53
20102021,35.07,1497.2,1508.0,1519.0,1401.2,1442.15,-3.68
21102021,39.97,1442.15,1480.0,1520.0,1400.0,1426.65,-1.07
22102021,46.43,1426.65,1448.05,1457.95,1372.1,1388.5,-2.67
25102021,54.94,1388.5,1420.0,1420.0,1325.05,1335.1,-3.85
26102021,36.88,1335.1,1347.95,1394.0,1338.35,1358.35,1.74
27102021,52.48,1358.35,1366.0,1379.85,1330.0,1335.55,-1.68
28102021,61.77,1335.55,1339.95,1345.55,1301.1,1307.15,-2.13
29102021,62.78,1307.15,1307.8,1332.95,1293.35,1307.4,0.02
01112021,64.47,1307.4,1300.0,1300.0,1259.0,1264.5,-3.28
02112021,63.38,1264.5,1275.35,1299.0,1272.0,1282.85,1.45
03112021,60.72,1282.85,1293.9,1297.0,1244.0,1277.25,-0.44
04112021,60.72,1282.85,1293.9,1297.0,1244.0,1277.25,-0.44
05112021,59.82,1277.25,1295.0,1324.0,1262.4,1310.3,2.59
08112021,57.87,1310.3,1311.8,1314.95,1270.3,1281.95,-2.16
09112021,65.87,1281.95,1283.65,1295.9,1258.35,1268.4,-1.06
10112021,68.17,1268.4,1270.0,1271.0,1234.9,1240.75,-2.18
11112021,66.38,1240.75,1241.2,1270.0,1233.3,1237.7,-0.25
12112021,82.05,1237.7,1240.5,1249.85,1214.15,1225.75,-0.97
15112021,68.27,1225.75,1234.0,1238.0,1211.6,1216.0,-0.8
16112021,60.15,1216.0,1220.0,1237.55,1201.2,1207.9,-0.67
17112021,55.43,1207.9,1208.0,1257.7,1208.0,1247.1,3.25
18112021,50.06,1247.1,1254.65,1272.3,1220.0,1260.25,1.05
19112021,50.06,1247.1,1254.65,1272.3,1220.0,1260.25,1.05
22112021,51.6,1260.25,1263.0,1268.15,1210.0,1222.1,-3.03
23112021,72.25,1222.1,1220.0,1243.95,1210.0,1233.45,0.93
24112021,77.72,1233.45,1239.75,1262.0,1231.9,1245.45,0.97
25112021,61.14,1245.45,1245.45,1299.0,1237.55,1293.55,3.86
26112021,39.35,1293.55,1275.0,1329.0,1253.25,1298.2,0.36
29112021,50.45,1298.2,1306.0,1313.95,1250.55,1283.35,-1.14
30112021,47.94,1283.35,1283.35,1313.85,1283.35,1299.25,1.24
01122021,49.8,1299.25,1325.0,1329.0,1265.25,1276.35,-1.76
02122021,72.38,1276.35,1276.0,1309.0,1270.0,1275.8,-0.04
03122021,34.16,1275.8,1279.0,1328.0,1272.0,1303.25,2.15
06122021,36.73,1303.25,1309.0,1318.95,1272.85,1292.35,-0.84
07122021,32.98,1292.35,1298.65,1356.8,1288.55,1341.35,3.79
08122021,59.89,1341.35,1360.0,1373.05,1350.0,1358.45,1.27
09122021,48.05,1358.45,1369.8,1381.3,1350.0,1369.8,0.84
10122021,35.01,1369.8,1370.0,1394.9,1350.1,1391.75,1.6
13122021,42.06,1391.75,1395.0,1466.7,1382.9,1457.05,4.69
14122021,30.18,1457.05,1470.0,1503.4,1435.6,1445.4,-0.8
15122021,69.49,1445.4,1452.0,1459.95,1410.0,1414.5,-2.14
16122021,42.58,1414.5,1420.8,1450.0,1361.25,1371.2,-3.06
17122021,43.51,1371.2,1379.55,1379.55,1310.0,1354.2,-1.24
20122021,45.65,1354.2,1333.5,1344.45,1282.15,1310.75,-3.21
21122021,47.15,1310.75,1326.0,1363.85,1307.35,1356.4,3.48
22122021,54.11,1356.4,1367.0,1398.65,1342.0,1394.7,2.82
23122021,65.97,1394.7,1399.0,1420.0,1377.75,1395.6,0.06
24122021,55.75,1395.6,1401.95,1424.0,1370.0,1375.65,-1.43
27122021,54.1,1375.65,1379.0,1390.0,1354.15,1363.95,-0.85
28122021,53.03,1363.95,1375.4,1392.0,1370.25,1379.65,1.15
29122021,46.37,1379.65,1387.9,1417.0,1371.2,1400.8,1.53
30122021,49.34,1400.8,1400.5,1415.0,1371.25,1397.35,-0.25
31122021,30.38,1397.35,1407.9,1499.0,1405.05,1464.45,4.8
03012022,37.75,1464.45,1468.0,1479.0,1439.15,1445.3,-1.31
04012022,56.93,1445.3,1449.5,1464.75,1401.25,1421.2,-1.67
05012022,40.52,1421.2,1421.0,1543.15,1405.55,1502.25,5.7
06012022,38.09,1502.25,1500.0,1533.45,1471.75,1481.4,-1.39
07012022,42.39,1481.4,1490.0,1492.5,1445.05,1463.1,-1.24
10012022,44.74,1463.1,1475.0,1502.6,1465.0,1485.65,1.54
11012022,52.93,1485.65,1487.8,1501.3,1466.0,1479.3,-0.43
12012022,27.49,1479.3,1484.95,1587.0,1473.4,1557.7,5.3
13012022,38.13,1557.7,1568.35,1577.05,1536.55,1545.5,-0.78
14012022,54.24,1545.5,1548.7,1567.0,1537.0,1545.25,-0.02
17012022,30.55,1545.25,1545.65,1591.95,1540.0,1551.6,0.41
18012022,43.44,1551.6,1558.9,1564.6,1474.4,1485.45,-4.26
19012022,23.89,1485.45,1480.0,1540.0,1410.0,1523.6,2.57
20012022,34.35,1523.6,1482.0,1507.9,1438.85,1449.8,-4.84
21012022,51.84,1449.8,1444.0,1450.8,1355.0,1374.35,-5.2
24012022,49.62,1374.35,1374.35,1374.35,1272.2,1293.35,-5.89
25012022,54.0,1293.35,1279.05,1310.0,1235.05,1292.5,-0.07
27012022,54.73,1292.5,1295.0,1297.95,1251.0,1278.1,-1.11
28012022,37.8,1278.1,1298.45,1328.95,1260.0,1267.35,-0.84
31012022,43.34,1267.35,1288.0,1302.85,1275.0,1283.3,1.26
01022022,36.4,1283.3,1299.0,1313.0,1272.1,1305.65,1.74
02022022,51.16,1305.65,1315.0,1321.85,1300.0,1312.35,0.51
03022022,52.84,1312.35,1318.9,1328.7,1292.0,1303.5,-0.67
04022022,44.59,1303.5,1296.0,1320.9,1288.0,1311.75,0.63
07022022,41.59,1311.75,1316.5,1316.5,1268.0,1275.9,-2.73
08022022,39.66,1275.9,1272.25,1302.0,1255.55,1268.55,-0.58
09022022,41.53,1268.55,1279.8,1293.7,1272.2,1284.35,1.25
10022022,43.5,1284.35,1290.15,1312.0,1278.0,1307.0,1.76
11022022,52.56,1307.0,1304.0,1304.0,1250.0,1254.9,-3.99
14022022,46.63,1254.9,1239.0,1261.0,1201.1,1210.95,-3.5
15022022,40.16,1210.95,1216.0,1270.0,1185.85,1265.95,4.54
16022022,48.41,1265.95,1275.0,1275.0,1246.2,1255.3,-0.84
17022022,50.79,1255.3,1263.65,1265.95,1231.1,1243.0,-0.98
18022022,59.19,1243.0,1235.0,1250.0,1226.0,1236.7,-0.51
21022022,43.58,1236.7,1231.05,1244.45,1207.6,1233.35,-0.27
22022022,39.11,1233.35,1207.0,1229.0,1175.1,1220.5,-1.04
23022022,37.67,1220.5,1221.05,1237.9,1206.35,1214.6,-0.48
24022022,52.36,1214.6,1177.0,1192.3,1126.7,1134.8,-6.57
25022022,31.42,1134.8,1151.0,1201.9,1141.75,1177.35,3.75
28022022,56.93,1177.35,1172.0,1189.75,1148.0,1183.25,0.5
01032022,56.93,1177.35,1172.0,1189.75,1148.0,1183.25,0.5
02032022,48.45,1183.25,1179.0,1205.05,1170.0,1177.2,-0.51
03032022,53.9,1177.2,1187.7,1200.0,1156.25,1166.05,-0.95
04032022,47.36,1166.05,1166.85,1166.85,1132.0,1144.35,-1.86
07032022,52.43,1144.35,1115.05,1142.05,1085.0,1130.05,-1.25
08032022,48.84,1130.05,1132.05,1147.6,1116.0,1138.3,0.73
09032022,47.99,1138.3,1148.75,1173.0,1133.0,1160.0,1.91
10032022,39.04,1160.0,1186.0,1186.0,1144.0,1156.9,-0.27
11032022,50.78,1156.9,1164.8,1169.65,1143.05,1146.65,-0.89
14032022,46.51,1146.65,1140.0,1160.0,1125.05,1146.85,0.02
15032022,53.01,1146.85,1150.0,1162.95,1118.6,1124.65,-1.94
16032022,38.6,1124.65,1135.0,1185.75,1135.0,1169.25,3.97
17032022,56.7,1169.25,1201.0,1201.0,1151.4,1157.35,-1.02
18032022,56.7,1169.25,1201.0,1201.0,1151.4,1157.35,-1.02
21032022,59.57,1157.35,1157.65,1167.15,1144.3,1147.8,-0.83
22032022,42.41,1147.8,1150.95,1153.6,1121.8,1142.7,-0.44
23032022,54.96,1142.7,1147.0,1194.7,1143.45,1184.3,3.64
24032022,49.52,1184.3,1181.25,1185.6,1154.3,1164.85,-1.64
25032022,52.79,1164.85,1171.0,1179.05,1156.3,1166.4,0.13
28032022,39.72,1166.4,1172.9,1181.35,1130.0,1156.55,-0.84
29032022,48.88,1156.55,1161.0,1165.0,1145.55,1153.85,-0.23
30032022,70.73,1153.85,1160.0,1167.9,1152.05,1158.05,0.36
31032022,22.02,1158.05,1167.0,1236.0,1159.0,1228.6,6.09
01042022,38.1,1228.6,1230.0,1275.85,1220.0,1239.15,0.86
04042022,52.18,1239.15,1239.8,1249.65,1225.2,1235.4,-0.3
05042022,41.42,1235.4,1243.4,1262.0,1227.05,1241.5,0.49
06042022,45.76,1241.5,1238.5,1288.0,1235.0,1267.65,2.11
07042022,37.6,1267.65,1265.0,1344.0,1253.5,1328.0,4.76
08042022,23.52,1328.0,1360.0,1400.8,1332.05,1349.3,1.6
11042022,27.63,1349.3,1355.0,1375.0,1326.1,1335.75,-1.0
12042022,32.87,1335.75,1335.75,1343.1,1280.1,1316.75,-1.42
13042022,20.62,1316.75,1318.0,1331.15,1291.8,1302.55,-1.08
14042022,20.62,1316.75,1318.0,1331.15,1291.8,1302.55,-1.08
15042022,20.62,1316.75,1318.0,1331.15,1291.8,1302.55,-1.08
18042022,26.19,1302.55,1287.0,1319.0,1265.0,1307.8,0.4
19042022,33.25,1307.8,1325.0,1330.0,1251.0,1282.5,-1.93
20042022,26.34,1282.5,1280.0,1319.1,1265.95,1312.35,2.33
21042022,32.57,1312.35,1324.0,1324.0,1277.25,1282.0,-2.31
22042022,31.39,1282.0,1239.0,1274.1,1228.05,1234.1,-3.74
25042022,43.38,1234.1,1237.9,1237.9,1112.0,1119.5,-9.29
26042022,33.58,1119.5,1141.0,1144.65,1088.0,1104.65,-1.33
27042022,35.66,1104.65,1104.7,1126.9,1075.0,1078.05,-2.41
28042022,40.64,1078.05,1089.05,1096.5,1070.3,1085.35,0.68
29042022,40.42,1085.35,1094.9,1108.7,1077.45,1094.5,0.84
02052022,30.79,1094.5,1080.05,1092.05,1048.4,1083.5,-1.01
03052022,30.79,1094.5,1080.05,1092.05,1048.4,1083.5,-1.01
04052022,35.61,1083.5,1090.0,1095.95,1031.3,1038.55,-4.15
05052022,28.82,1038.55,1057.55,1122.0,1007.45,1020.65,-1.72
06052022,21.56,1020.65,1006.0,1059.6,999.75,1037.75,1.68
09052022,25.36,1037.75,1028.7,1042.7,1008.0,1022.85,-1.44
10052022,33.9,1022.85,1019.0,1042.95,991.6,1001.9,-2.05
11052022,32.08,1001.9,1013.4,1024.45,954.4,972.75,-2.91
12052022,42.76,972.75,966.2,977.0,947.25,974.1,0.14
13052022,32.42,974.1,990.0,994.0,953.15,964.8,-0.95
16052022,27.83,964.8,977.45,983.2,955.8,970.1,0.55
17052022,30.78,970.1,975.7,1009.8,972.0,1007.9,3.9
18052022,23.71,1007.9,1014.95,1017.4,973.05,984.55,-2.32
19052022,39.39,984.55,964.8,980.6,949.6,973.4,-1.13
20052022,30.43,973.4,980.25,991.95,971.9,981.2,0.8
23052022,42.03,981.2,981.2,988.9,968.25,972.5,-0.89
24052022,40.34,972.5,975.7,978.25,956.15,965.4,-0.73
25052022,45.86,965.4,967.95,972.0,933.75,939.3,-2.7
26052022,41.77,939.3,939.7,947.0,906.3,943.55,0.45
27052022,39.92,943.55,951.95,990.0,950.8,979.25,3.78
30052022,27.52,979.25,992.0,1015.0,981.2,1004.7,2.6
31052022,59.93,1004.7,1003.7,1004.0,982.5,985.05,-1.96
01062022,62.61,985.05,989.0,992.5,961.1,970.75,-1.45
02062022,69.43,970.75,973.75,975.0,962.4,968.75,-0.21
03062022,70.55,968.75,970.0,997.95,951.65,955.25,-1.39
06062022,50.37,955.25,955.0,959.0,934.55,942.0,-1.39
07062022,48.45,942.0,935.0,951.7,927.1,930.85,-1.18
08062022,52.09,930.85,933.0,937.75,913.15,920.05,-1.16
09062022,25.59,920.05,916.5,964.2,912.3,958.35,4.16
10062022,17.36,958.35,938.0,958.0,926.0,948.5,-1.03
13062022,36.13,948.5,936.2,943.35,916.55,921.3,-2.87
14062022,19.58,921.3,919.0,947.75,915.0,920.95,-0.04
15062022,51.26,920.95,920.0,923.85,856.25,875.35,-4.95
16062022,27.06,875.35,895.0,904.0,867.4,875.0,-0.04
17062022,43.11,875.0,870.65,886.85,858.0,870.05,-0.57
20062022,49.22,870.05,878.35,878.35,858.0,870.75,0.08
21062022,55.52,870.75,880.1,890.95,876.7,885.75,1.72
22062022,47.0,885.75,885.75,896.5,877.05,894.0,0.93
23062022,40.39,894.0,894.0,906.65,890.75,902.55,0.96
24062022,24.13,902.55,907.3,926.0,905.05,921.6,2.11
27062022,23.07,921.6,940.05,943.9,920.1,929.4,0.85
28062022,42.62,929.4,922.25,933.0,909.75,925.85,-0.38
29062022,27.95,925.85,920.0,936.5,912.1,924.65,-0.13
30062022,50.34,924.65,924.65,928.8,905.05,914.25,-1.12
01072022,20.84,914.25,917.45,937.4,908.9,934.65,2.23
04072022,29.82,934.65,937.9,952.85,925.0,947.55,1.38
05072022,41.37,947.55,950.0,965.0,940.25,949.55,0.21
06072022,40.53,949.55,949.0,967.0,944.25,963.95,1.52
07072022,48.97,963.95,967.0,982.9,964.0,977.9,1.45
08072022,43.05,977.9,980.75,987.0,966.0,974.55,-0.34
11072022,37.87,974.55,974.0,1008.15,960.0,999.15,2.52
12072022,47.3,999.15,997.9,1005.0,990.1,993.6,-0.56
13072022,26.5,993.6,990.0,1012.35,980.4,983.4,-1.03
14072022,38.53,983.4,980.0,999.6,960.2,965.15,-1.86
15072022,24.25,965.15,965.0,988.2,965.0,983.6,1.91
18072022,43.06,983.6,989.0,1028.65,987.5,1011.9,2.88
19072022,43.6,1011.9,1014.0,1020.0,989.0,995.15,-1.66
20072022,34.63,995.15,1010.0,1010.0,972.95,978.9,-1.63
21072022,14.0,978.9,1007.0,1095.0,995.0,1077.1,10.03
22072022,20.33,1077.1,1080.0,1092.2,1045.9,1056.15,-1.95
25072022,27.26,1056.15,1054.9,1082.0,1046.7,1055.55,-0.06
26072022,36.07,1055.55,1059.9,1077.8,1034.15,1041.35,-1.35
27072022,24.68,1041.35,1044.0,1047.05,1022.0,1035.25,-0.59
28072022,35.34,1035.25,1044.9,1049.95,1025.0,1034.05,-0.12
29072022,26.09,1034.05,1044.9,1053.55,1033.0,1045.9,1.15
01082022,45.62,1045.9,1055.0,1061.45,1038.05,1049.2,0.32
02082022,26.36,1049.2,1052.15,1071.95,1045.85,1058.85,0.92
03082022,34.63,1058.85,1064.0,1081.0,1053.3,1073.35,1.37
04082022,28.51,1073.35,1080.45,1084.6,1030.8,1051.05,-2.08
05082022,31.66,1051.05,1052.0,1108.0,1051.0,1101.35,4.79
10082022,42.9,1091.7,1084.4,1099.0,1075.1,1083.6,-0.74
11082022,54.8,1083.6,1093.6,1107.45,1087.2,1094.0,0.96
12082022,28.65,1094.0,1095.0,1118.35,1082.0,1094.4,0.04
16082022,47.3,1094.4,1099.0,1102.0,1074.5,1083.6,-0.99
17082022,37.3,1083.6,1093.65,1095.55,1075.0,1075.85,-0.72
18082022,34.33,1075.85,1078.05,1090.0,1070.35,1086.4,0.98
19082022,58.24,1086.4,1091.1,1140.8,1085.0,1125.0,3.55
22082022,28.48,1125.0,1129.75,1166.1,1120.0,1133.95,0.8
23082022,30.87,1133.95,1130.0,1156.05,1114.65,1151.2,1.52
24082022,30.96,1151.2,1149.7,1174.95,1147.05,1168.9,1.54
25082022,41.33,1168.9,1175.0,1183.65,1151.7,1157.35,-0.99
26082022,43.09,1157.35,1169.3,1177.65,1158.8,1168.05,0.92
29082022,45.67,1168.05,1143.45,1180.95,1135.2,1164.65,-0.29
30082022,40.43,1164.65,1175.95,1207.0,1172.1,1202.25,3.23
31082022,40.43,1164.65,1175.95,1207.0,1172.1,1202.25,3.23
01092022,37.23,1202.25,1195.0,1270.45,1183.15,1257.05,4.56
02092022,48.12,1257.05,1269.6,1269.85,1238.0,1245.5,-0.92
05092022,21.75,1245.5,1249.9,1284.35,1245.55,1264.5,1.53
06092022,51.9,1264.5,1268.0,1276.85,1242.9,1247.35,-1.36
07092022,39.67,1247.35,1240.0,1260.8,1230.0,1249.95,0.21
08092022,52.47,1249.95,1255.4,1263.95,1226.3,1250.2,0.02
09092022,45.88,1250.2,1256.45,1260.0,1238.0,1249.6,-0.05
12092022,39.51,1249.6,1254.2,1271.1,1241.65,1254.35,0.38
13092022,32.46,1254.35,1264.95,1278.0,1209.9,1236.05,-1.46
14092022,33.92,1236.05,1220.1,1250.0,1215.0,1230.4,-0.46
15092022,52.63,1230.4,1236.9,1252.0,1231.0,1239.15,0.71
16092022,50.08,1239.15,1239.15,1245.2,1197.5,1203.5,-2.88
19092022,46.88,1203.5,1205.0,1212.4,1179.2,1193.3,-0.85
20092022,47.91,1193.3,1202.0,1227.0,1186.35,1219.6,2.2
21092022,44.86,1219.6,1220.25,1240.8,1205.95,1208.85,-0.88
22092022,56.93,1208.85,1208.8,1226.0,1203.3,1208.6,-0.02
23092022,53.29,1208.6,1222.8,1222.8,1157.2,1168.85,-3.29
26092022,40.7,1168.85,1160.0,1160.0,1096.05,1130.8,-3.26
27092022,34.51,1130.8,1152.45,1154.6,1105.7,1116.15,-1.3
28092022,43.89,1116.15,1112.2,1149.0,1103.95,1129.25,1.17
29092022,56.4,1129.25,1135.2,1148.45,1109.05,1121.9,-0.65
30092022,23.36,1121.9,1115.1,1172.95,1113.1,1150.8,2.58
03102022,37.02,1150.8,1158.6,1178.55,1143.35,1160.05,0.8
04102022,33.62,1160.05,1179.75,1194.9,1171.1,1189.7,2.56
05102022,33.62,1160.05,1179.75,1194.9,1171.1,1189.7,2.56
06102022,39.99,1189.7,1200.0,1208.1,1173.0,1182.15,-0.63
07102022,14.3,1182.15,1188.4,1223.0,1180.75,1217.9,3.02
10102022,29.85,1217.9,1209.35,1235.75,1195.95,1219.4,0.12
11102022,33.98,1219.4,1231.0,1232.2,1173.5,1176.55,-3.51
12102022,28.57,1176.55,1182.7,1187.75,1163.5,1183.25,0.57
13102022,29.03,1183.25,1183.0,1188.2,1137.1,1165.55,-1.5
14102022,48.75,1165.55,1177.0,1192.8,1159.05,1163.7,-0.16
17102022,31.03,1163.7,1165.0,1204.0,1164.05,1195.85,2.76
18102022,18.7,1195.85,1204.9,1248.0,1196.9,1238.2,3.54
19102022,27.65,1238.2,1239.0,1248.0,1196.65,1210.65,-2.23
20102022,18.87,1210.65,1208.0,1224.0,1185.0,1209.25,-0.12
21102022,24.11,1209.25,1212.95,1226.0,1205.0,1211.5,0.19
24102022,46.36,1211.5,1224.0,1230.0,1202.45,1226.0,1.2
25102022,26.45,1226.0,1228.95,1243.0,1208.05,1233.7,0.63
26102022,26.45,1226.0,1228.95,1243.0,1208.05,1233.7,0.63
27102022,30.96,1233.7,1234.1,1248.0,1214.65,1225.35,-0.68
28102022,41.82,1225.35,1231.0,1241.8,1220.0,1238.9,1.11
31102022,32.94,1238.9,1245.0,1267.7,1240.0,1258.95,1.62
01112022,35.79,1258.95,1263.9,1275.0,1255.6,1269.5,0.84
02112022,59.44,1269.5,1274.0,1287.8,1262.0,1269.85,0.03
03112022,38.94,1269.85,1232.0,1279.7,1232.0,1269.95,0.01
04112022,45.19,1269.95,1269.95,1298.0,1267.75,1294.05,1.9
07112022,48.02,1294.05,1300.0,1309.0,1292.0,1302.5,0.65
08112022,48.02,1294.05,1300.0,1309.0,1292.0,1302.5,0.65
09112022,27.88,1302.5,1312.75,1342.5,1305.75,1321.95,1.49
10112022,36.26,1321.95,1320.65,1325.4,1305.0,1314.15,-0.59
11112022,30.14,1314.15,1328.0,1347.5,1306.3,1313.85,-0.02
14112022,35.05,1313.85,1314.55,1325.0,1287.0,1320.8,0.53
15112022,45.88,1320.8,1314.15,1335.95,1310.05,1333.3,0.95
16112022,46.41,1333.3,1328.0,1338.0,1297.45,1306.8,-1.99
17112022,34.53,1306.8,1304.0,1309.0,1288.0,1303.8,-0.23
18112022,29.69,1303.8,1312.25,1321.8,1280.0,1292.55,-0.86
21112022,33.94,1292.55,1255.0,1298.4,1255.0,1289.25,-0.26
22112022,36.63,1289.25,1286.5,1303.5,1284.9,1290.9,0.13
23112022,37.66,1290.9,1290.9,1307.0,1285.0,1293.25,0.18
24112022,33.83,1293.25,1293.25,1301.05,1278.5,1287.5,-0.44
25112022,46.72,1287.5,1289.0,1303.7,1280.8,1296.15,0.67
28112022,49.19,1296.15,1292.15,1324.45,1290.35,1309.4,1.02
29112022,61.38,1309.4,1314.0,1319.4,1271.0,1274.2,-2.69
30112022,50.56,1274.2,1280.6,1315.0,1251.0,1300.2,2.04
01122022,42.11,1300.2,1305.5,1315.0,1290.0,1297.9,-0.18
02122022,35.51,1297.9,1293.0,1339.9,1290.0,1321.55,1.82
05122022,46.66,1321.55,1331.9,1354.45,1318.4,1323.1,0.12
06122022,44.94,1323.1,1320.4,1333.85,1287.2,1292.8,-2.29
07122022,42.04,1292.8,1295.0,1296.0,1262.8,1268.25,-1.9
08122022,39.34,1268.25,1275.0,1288.45,1270.55,1286.15,1.41
09122022,40.06,1286.15,1290.0,1297.55,1256.9,1268.65,-1.36
12122022,34.43,1268.65,1260.0,1281.35,1257.15,1277.25,0.68
13122022,23.49,1277.25,1282.0,1387.0,1280.0,1367.45,7.06
14122022,18.83,1367.45,1370.0,1379.95,1350.65,1359.55,-0.58
15122022,27.04,1359.55,1359.5,1366.7,1304.3,1312.75,-3.44
16122022,22.92,1312.75,1312.75,1318.75,1280.1,1303.0,-0.74
19122022,9.35,1303.0,1304.0,1323.0,1285.0,1313.9,0.84
20122022,27.33,1313.9,1313.0,1313.8,1286.4,1302.85,-0.84
21122022,49.17,1302.85,1304.95,1315.15,1262.0,1270.95,-2.45
22122022,21.74,1270.95,1286.0,1298.0,1250.15,1265.55,-0.42
23122022,40.28,1265.55,1258.05,1262.4,1186.2,1209.85,-4.4
26122022,40.92,1209.85,1210.0,1250.9,1207.25,1244.3,2.85
27122022,36.37,1244.3,1250.0,1285.0,1247.5,1270.95,2.14
28122022,58.46,1270.95,1272.0,1274.9,1250.0,1254.4,-1.3
29122022,40.89,1254.4,1254.4,1272.75,1241.15,1259.6,0.41
30122022,23.31,1259.6,1265.9,1285.0,1264.1,1274.45,1.18
02012023,33.87,1274.45,1308.0,1331.95,1286.15,1317.55,3.38
03012023,39.49,1317.55,1315.0,1351.0,1315.0,1336.1,1.41
04012023,42.11,1336.1,1342.95,1347.45,1323.6,1333.55,-0.19
05012023,48.53,1333.55,1339.75,1339.75,1318.0,1326.6,-0.52
06012023,52.03,1326.6,1326.6,1344.0,1318.9,1326.6,0.0
09012023,53.95,1326.6,1341.2,1353.0,1327.6,1348.1,1.62
10012023,39.02,1348.1,1348.05,1374.0,1342.5,1360.15,0.89
11012023,44.65,1360.15,1367.8,1422.65,1362.0,1417.25,4.2
12012023,33.92,1417.25,1430.0,1430.6,1390.0,1396.7,-1.45
13012023,50.95,1396.7,1389.95,1399.7,1371.0,1376.7,-1.43
16012023,31.81,1376.7,1375.0,1390.0,1363.6,1367.2,-0.69
17012023,29.67,1367.2,1370.05,1403.0,1364.05,1397.65,2.23
18012023,38.11,1397.65,1402.5,1405.0,1386.05,1388.1,-0.68
19012023,31.87,1388.1,1379.0,1384.0,1360.45,1371.1,-1.22
20012023,38.31,1371.1,1368.0,1374.95,1339.0,1346.0,-1.83
23012023,38.39,1346.0,1353.0,1387.75,1345.2,1383.7,2.8
24012023,25.65,1383.7,1369.45,1369.45,1316.25,1324.6,-4.27
25012023,34.33,1324.6,1319.65,1323.95,1275.35,1284.75,-3.01
27012023,36.21,1284.75,1294.45,1296.65,1223.3,1255.4,-2.28
30012023,39.28,1255.4,1255.45,1272.45,1223.1,1233.7,-1.73
31012023,54.64,1233.7,1239.05,1253.25,1215.55,1233.15,-0.04
01022023,47.44,1233.15,1248.0,1252.55,1178.1,1202.45,-2.49
02022023,34.8,1202.45,1202.45,1240.1,1191.0,1213.8,0.94
03022023,27.66,1213.8,1226.6,1233.9,1197.0,1226.5,1.05
06022023,37.28,1226.5,1226.65,1265.45,1226.5,1258.05,2.57
07022023,36.0,1258.05,1266.0,1266.65,1230.0,1233.55,-1.95
08022023,39.78,1233.55,1235.95,1249.5,1228.6,1244.7,0.9
09022023,29.05,1244.7,1240.0,1250.0,1232.55,1234.5,-0.82
10022023,28.71,1234.5,1230.0,1247.8,1226.1,1233.2,-0.11
13022023,28.18,1233.2,1232.0,1246.0,1219.2,1221.9,-0.92
14022023,42.65,1221.9,1222.5,1244.5,1213.35,1237.9,1.31
15022023,35.96,1237.9,1237.0,1248.95,1232.55,1245.45,0.61
16022023,32.34,1245.45,1246.0,1262.0,1240.15,1254.55,0.73
17022023,28.86,1254.55,1245.05,1254.0,1235.55,1240.25,-1.14
20022023,38.13,1240.25,1240.25,1258.0,1230.0,1238.25,-0.16
21022023,31.5,1238.25,1236.05,1252.3,1228.0,1230.45,-0.63
22022023,31.85,1230.45,1228.05,1228.05,1211.25,1220.55,-0.8
23022023,30.33,1220.55,1218.95,1227.0,1201.1,1205.45,-1.24
24022023,34.51,1205.45,1211.8,1216.0,1200.6,1202.55,-0.24
27022023,40.32,1202.55,1201.0,1201.0,1176.15,1183.95,-1.55
28022023,46.26,1183.95,1187.95,1214.95,1184.0,1208.55,2.08
01032023,27.27,1208.55,1208.0,1216.85,1202.2,1206.15,-0.2
02032023,44.6,1206.15,1209.05,1212.0,1194.0,1201.35,-0.4
03032023,46.58,1201.35,1203.2,1213.2,1196.0,1198.4,-0.25
06032023,31.22,1198.4,1205.0,1224.65,1205.0,1211.45,1.09
07032023,31.22,1198.4,1205.0,1224.65,1205.0,1211.45,1.09
08032023,39.39,1211.45,1209.95,1223.85,1197.0,1214.2,0.23
09032023,37.87,1214.2,1220.25,1236.85,1209.8,1215.1,0.07
10032023,35.42,1215.1,1211.0,1211.0,1194.35,1201.9,-1.09
13032023,32.86,1201.9,1201.0,1205.65,1170.0,1177.1,-2.06
14032023,45.73,1177.1,1177.15,1184.25,1164.55,1176.95,-0.01
15032023,36.02,1176.95,1187.0,1195.4,1171.3,1177.25,0.03
16032023,35.25,1177.25,1183.0,1186.55,1156.8,1177.2,-0.0
17032023,40.28,1177.2,1183.4,1189.95,1174.5,1185.35,0.69
20032023,50.34,1185.35,1180.35,1184.5,1169.0,1180.95,-0.37
21032023,36.97,1180.95,1180.95,1221.85,1180.95,1213.85,2.79
22032023,25.92,1213.85,1216.0,1219.75,1201.0,1203.2,-0.88
23032023,31.28,1203.2,1202.15,1226.4,1195.2,1221.9,1.55
24032023,32.77,1221.9,1224.0,1232.95,1210.1,1223.2,0.11
27032023,42.93,1223.2,1226.15,1229.9,1211.0,1218.8,-0.36
28032023,40.41,1218.8,1215.5,1223.75,1210.85,1215.25,-0.29
29032023,40.59,1215.25,1210.0,1234.0,1210.0,1229.15,1.14
30032023,40.59,1215.25,1210.0,1234.0,1210.0,1229.15,1.14
31032023,43.43,1229.15,1230.0,1252.0,1229.0,1245.5,1.33
03042023,33.69,1245.5,1246.45,1254.0,1236.2,1247.55,0.16
04042023,33.69,1245.5,1246.45,1254.0,1236.2,1247.55,0.16
05042023,29.96,1247.55,1244.2,1276.9,1240.1,1270.95,1.88
06042023,22.97,1270.95,1269.0,1282.9,1253.95,1259.85,-0.87
07042023,22.97,1270.95,1269.0,1282.9,1253.95,1259.85,-0.87
10042023,35.46,1259.85,1250.65,1269.95,1250.65,1264.85,0.4
11042023,39.93,1264.85,1270.0,1286.9,1265.2,1278.5,1.08
12042023,26.53,1278.5,1278.25,1279.0,1258.1,1262.75,-1.23
13042023,43.42,1262.75,1261.0,1275.4,1259.9,1266.05,0.26
14042023,43.42,1262.75,1261.0,1275.4,1259.9,1266.05,0.26
17042023,28.61,1266.05,1266.05,1266.05,1232.75,1244.25,-1.72
18042023,16.57,1244.25,1244.25,1244.6,1178.0,1212.7,-2.54
19042023,19.61,1212.7,1214.3,1221.8,1186.0,1193.25,-1.6
20042023,7.9,1193.25,1179.0,1248.35,1172.0,1232.3,3.27
21042023,17.4,1232.3,1229.8,1245.0,1200.6,1240.9,0.7
24042023,24.85,1240.9,1244.0,1262.35,1230.05,1254.1,1.06
25042023,43.8,1254.1,1254.95,1258.0,1233.2,1236.25,-1.42
26042023,20.21,1236.25,1231.25,1247.0,1220.4,1244.4,0.66
27042023,45.63,1244.4,1242.0,1258.0,1240.0,1249.3,0.39
28042023,46.7,1249.3,1259.0,1278.0,1255.15,1269.5,1.62
01052023,46.7,1249.3,1259.0,1278.0,1255.15,1269.5,1.62
02052023,44.08,1269.5,1269.0,1271.4,1250.35,1256.95,-0.99
03052023,45.69,1256.95,1250.1,1254.05,1235.0,1238.3,-1.48
04052023,56.17,1238.3,1240.0,1249.25,1230.0,1234.85,-0.28
05052023,33.85,1234.85,1234.85,1241.8,1225.0,1231.85,-0.24
08052023,69.79,1231.85,1234.0,1243.95,1226.1,1228.2,-0.3
09052023,44.34,1228.2,1232.0,1304.9,1228.9,1299.7,5.82
10052023,40.13,1299.7,1310.0,1310.0,1273.0,1276.55,-1.78
11052023,58.68,1276.55,1278.0,1296.1,1270.0,1277.4,0.07
12052023,34.2,1277.4,1277.4,1286.4,1250.35,1254.05,-1.83
15052023,60.39,1254.05,1254.05,1273.05,1248.65,1254.75,0.06
16052023,55.58,1254.75,1260.0,1260.0,1240.1,1245.65,-0.73
17052023,44.01,1245.65,1245.45,1252.0,1227.0,1235.55,-0.81
18052023,39.21,1235.55,1237.05,1244.55,1217.0,1221.2,-1.16
19052023,52.65,1221.2,1229.0,1245.3,1210.8,1233.2,0.98
22052023,60.95,1233.2,1235.95,1240.25,1223.0,1226.4,-0.55
23052023,48.47,1226.4,1225.0,1244.6,1222.0,1242.25,1.29
24052023,38.43,1242.25,1242.1,1262.0,1235.2,1259.75,1.41
25052023,31.98,1259.75,1270.0,1271.05,1245.15,1260.75,0.08
26052023,50.54,1260.75,1266.0,1275.75,1257.8,1270.5,0.77
29052023,52.24,1270.5,1271.05,1285.0,1268.2,1278.25,0.61
30052023,56.41,1278.25,1277.0,1287.0,1265.0,1274.7,-0.28
31052023,45.95,1274.7,1268.0,1301.0,1268.0,1298.25,1.85
01062023,38.24,1298.25,1298.25,1346.75,1298.25,1334.0,2.75
02062023,36.03,1334.0,1330.0,1373.0,1326.1,1367.35,2.5
05062023,37.83,1367.35,1369.95,1391.0,1360.0,1383.0,1.14
06062023,33.74,1383.0,1383.0,1421.0,1371.85,1407.7,1.79
07062023,44.64,1407.7,1405.0,1452.0,1404.0,1446.25,2.74
08062023,42.26,1446.25,1473.45,1494.95,1402.7,1414.25,-2.21
09062023,22.72,1414.25,1425.25,1474.95,1410.8,1469.75,3.92
12062023,27.47,1469.75,1476.0,1487.4,1447.1,1478.55,0.6
13062023,16.28,1478.55,1478.55,1615.1,1476.05,1598.4,8.11
14062023,16.57,1598.4,1610.0,1674.0,1600.05,1639.8,2.59
15062023,23.89,1639.8,1635.0,1650.0,1610.0,1629.25,-0.64
16062023,33.14,1629.25,1632.0,1660.35,1625.0,1628.45,-0.05
19062023,26.86,1628.45,1635.0,1665.0,1579.0,1591.05,-2.3
20062023,22.35,1591.05,1599.0,1623.8,1589.85,1612.75,1.36
21062023,26.9,1612.75,1621.0,1630.0,1586.35,1613.55,0.05
22062023,34.19,1613.55,1613.55,1623.55,1571.0,1577.6,-2.23
23062023,33.37,1577.6,1580.45,1589.7,1555.55,1560.85,-1.06
26062023,32.87,1560.85,1547.5,1579.9,1529.1,1569.15,0.53
27062023,34.9,1569.15,1568.2,1581.9,1550.0,1565.8,-0.21
28062023,31.86,1565.8,1573.0,1592.0,1560.4,1582.75,1.08
29062023,31.86,1565.8,1573.0,1592.0,1560.4,1582.75,1.08
30062023,25.82,1582.75,1588.0,1609.8,1512.45,1594.65,0.75
03072023,35.89,1594.65,1605.9,1613.7,1581.25,1590.2,-0.28
04072023,34.7,1590.2,1590.2,1595.75,1538.0,1543.45,-2.94
05072023,26.96,1543.45,1550.0,1555.0,1530.6,1538.4,-0.33
06072023,49.26,1538.4,1539.05,1555.7,1530.45,1536.45,-0.13
07072023,44.07,1536.45,1544.6,1568.2,1525.05,1549.7,0.86
10072023,53.88,1549.7,1557.75,1557.75,1526.9,1532.3,-1.12
11072023,30.26,1532.3,1550.0,1649.35,1546.65,1638.4,6.92
12072023,28.81,1638.4,1651.0,1659.95,1605.0,1609.15,-1.79
13072023,50.19,1609.15,1612.0,1617.6,1564.05,1584.4,-1.54
14072023,29.0,1584.4,1599.0,1637.0,1585.0,1623.45,2.46
17072023,44.75,1623.45,1630.0,1630.0,1596.4,1602.55,-1.29
18072023,32.68,1602.55,1603.95,1642.0,1593.55,1601.85,-0.04
19072023,30.64,1601.85,1612.0,1632.3,1607.55,1618.4,1.03
20072023,12.12,1618.4,1601.0,1647.9,1585.3,1604.3,-0.87
21072023,49.59,1604.3,1599.0,1608.0,1571.65,1590.4,-0.87
24072023,24.95,1590.4,1588.0,1631.15,1566.5,1623.6,2.09
25072023,34.91,1623.6,1631.25,1637.75,1601.95,1611.3,-0.76
26072023,25.47,1611.3,1614.0,1694.0,1614.0,1667.55,3.49
27072023,33.32,1667.55,1675.25,1736.0,1651.0,1727.5,3.6
28072023,39.82,1727.5,1733.0,1779.8,1724.0,1771.85,2.57
31072023,30.7,1771.85,1779.95,1803.5,1755.0,1796.15,1.37
01082023,38.39,1796.15,1799.95,1821.5,1745.1,1762.75,-1.86
02082023,42.78,1762.75,1754.25,1788.0,1700.25,1712.2,-2.87
03082023,46.33,1712.2,1712.9,1737.95,1675.95,1686.75,-1.49
04082023,39.03,1686.75,1700.0,1709.95,1682.7,1686.3,-0.03
07082023,58.2,1686.3,1693.3,1712.0,1683.0,1696.95,0.63
08082023,56.23,1696.95,1706.0,1706.0,1677.65,1683.7,-0.78
09082023,56.21,1683.7,1684.45,1714.35,1683.0,1690.85,0.42
10082023,41.32,1690.85,1693.2,1703.2,1654.65,1673.05,-1.05
11082023,34.71,1673.05,1674.15,1724.0,1671.4,1680.35,0.44
14082023,39.63,1680.35,1683.65,1714.95,1652.8,1705.65,1.51
16082023,43.78,1705.65,1708.05,1723.5,1684.0,1702.5,-0.18
17082023,50.63,1702.5,1709.1,1721.95,1692.85,1696.35,-0.36
18082023,39.54,1696.35,1700.3,1704.0,1677.0,1694.05,-0.14
21082023,52.62,1694.05,1701.0,1719.9,1692.0,1704.0,0.59
22082023,23.36,1704.0,1710.5,1787.0,1706.0,1782.15,4.59
23082023,34.93,1782.15,1786.85,1831.9,1770.05,1818.2,2.02
24082023,48.63,1818.2,1828.65,1857.95,1801.25,1829.7,0.63
25082023,48.39,1829.7,1823.05,1848.0,1804.4,1817.25,-0.68
28082023,53.62,1817.25,1820.4,1822.0,1790.05,1797.75,-1.07
29082023,48.89,1797.75,1798.0,1805.0,1781.65,1788.1,-0.54
30082023,54.92,1788.1,1790.8,1821.8,1788.1,1804.4,0.91
31082023,87.89,1804.4,1807.0,1814.6,1773.05,1789.1,-0.85
01092023,44.83,1789.1,1794.3,1881.0,1794.25,1852.4,3.54
04092023,32.68,1852.4,1855.6,1887.85,1831.25,1882.9,1.65
05092023,35.08,1882.9,1889.95,1892.0,1862.75,1866.0,-0.9
06092023,39.4,1866.0,1877.9,1890.0,1851.0,1876.0,0.54
07092023,40.2,1876.0,1879.95,1908.0,1864.05,1889.8,0.74
08092023,39.47,1889.8,1897.0,1904.35,1871.55,1885.25,-0.24
11092023,35.48,1885.25,1924.3,1957.35,1906.05,1932.75,2.52
12092023,40.83,1932.75,1948.9,1952.8,1841.9,1850.8,-4.24
13092023,42.92,1850.8,1857.0,1918.45,1837.45,1911.8,3.3
14092023,57.82,1911.8,1919.95,1931.8,1903.05,1924.5,0.66
15092023,50.85,1924.5,1940.0,1941.7,1917.0,1927.7,0.17
18092023,51.81,1927.7,1933.9,1933.9,1891.6,1898.15,-1.53
19092023,51.81,1927.7,1933.9,1933.9,1891.6,1898.15,-1.53
20092023,46.82,1898.15,1885.05,1912.0,1879.0,1885.7,-0.66
21092023,55.35,1885.7,1877.4,1909.65,1870.5,1874.65,-0.59
22092023,57.83,1874.65,1881.95,1909.5,1866.2,1876.0,0.07
25092023,55.08,1876.0,1880.0,1886.15,1852.5,1856.65,-1.03
26092023,46.78,1856.65,1859.0,1899.0,1858.0,1876.25,1.06
27092023,60.12,1876.25,1887.9,1894.0,1869.6,1875.65,-0.03
28092023,42.23,1875.65,1878.45,1919.0,1876.7,1890.2,0.78
29092023,37.22,1890.2,1899.95,1939.0,1888.9,1932.75,2.25
03102023,54.71,1932.75,1932.75,1932.95,1894.75,1901.75,-1.6
04102023,60.25,1901.75,1895.05,1897.8,1855.0,1863.95,-1.99
05102023,45.94,1863.95,1873.05,1889.0,1846.0,1850.3,-0.73
06102023,57.59,1850.3,1864.5,1864.5,1821.0,1837.8,-0.68
09102023,52.29,1837.8,1835.15,1835.2,1799.0,1807.25,-1.66
10102023,53.73,1807.25,1807.9,1842.45,1807.9,1829.85,1.25
11102023,53.4,1829.85,1839.5,1849.45,1825.0,1833.4,0.19
12102023,51.65,1833.4,1844.95,1844.95,1810.8,1815.8,-0.96
13102023,49.43,1815.8,1815.0,1833.2,1802.5,1809.15,-0.37
16102023,38.37,1809.15,1814.95,1820.0,1791.15,1796.95,-0.67
17102023,53.64,1796.95,1804.75,1810.45,1783.15,1787.6,-0.52
18102023,35.73,1787.6,1797.9,1810.0,1772.35,1786.1,-0.08
19102023,55.29,1786.1,1787.9,1787.9,1758.35,1776.95,-0.51
20102023,51.08,1776.95,1740.0,1754.95,1693.8,1710.25,-3.75
23102023,43.62,1710.25,1693.0,1693.0,1602.7,1615.15,-5.56
24102023,43.62,1710.25,1693.0,1693.0,1602.7,1615.15,-5.56
25102023,56.29,1615.15,1612.0,1615.0,1559.2,1584.7,-1.89
26102023,50.65,1584.7,1567.0,1571.65,1543.4,1559.25,-1.61
27102023,66.37,1559.25,1572.0,1614.25,1565.3,1607.95,3.12
30102023,34.19,1607.95,1616.85,1656.85,1601.0,1647.7,2.47
31102023,64.06,1647.7,1657.6,1678.6,1636.0,1663.25,0.94
01112023,35.73,1663.25,1664.2,1687.0,1655.05,1671.65,0.51
02112023,53.05,1671.65,1684.95,1717.0,1678.25,1714.85,2.58
03112023,49.48,1714.85,1714.95,1723.05,1694.05,1703.6,-0.66
06112023,55.81,1703.6,1712.95,1744.6,1705.8,1737.8,2.01
07112023,64.46,1737.8,1736.75,1736.75,1705.05,1709.0,-1.66
08112023,43.59,1709.0,1714.8,1735.65,1708.0,1716.45,0.44
09112023,54.68,1716.45,1716.9,1725.45,1702.4,1707.15,-0.54
10112023,50.49,1707.15,1706.7,1717.85,1691.0,1708.7,0.09
13112023,33.33,1709.3,1708.05,1715.1,1678.7,1707.1,-0.13
14112023,33.33,1709.3,1708.05,1715.1,1678.7,1707.1,-0.13
15112023,46.77,1707.1,1711.25,1734.0,1681.55,1684.3,-1.34
16112023,39.18,1684.3,1689.05,1714.55,1688.55,1706.65,1.33
17112023,53.89,1706.65,1708.0,1721.8,1701.0,1705.75,-0.05
20112023,39.13,1705.75,1713.65,1728.9,1692.0,1722.95,1.01
21112023,40.17,1722.95,1730.0,1734.0,1704.9,1707.3,-0.91
22112023,36.44,1707.3,1709.9,1729.35,1692.0,1705.25,-0.12
23112023,42.55,1705.25,1718.0,1720.75,1703.8,1717.55,0.72
24112023,45.05,1717.55,1722.95,1769.3,1715.1,1723.75,0.36
27112023,45.05,1717.55,1722.95,1769.3,1715.1,1723.75,0.36
28112023,43.15,1723.75,1728.0,1728.0,1680.3,1683.5,-2.34
29112023,62.12,1683.5,1692.0,1719.6,1683.1,1713.2,1.76
30112023,63.65,1713.2,1725.0,1736.7,1685.95,1705.55,-0.45
01122023,55.42,1705.55,1733.9,1733.95,1649.05,1659.85,-2.68
04122023,47.76,1659.85,1700.0,1700.0,1656.9,1662.85,0.18
05122023,46.93,1662.85,1678.8,1681.65,1652.3,1678.75,0.96
06122023,56.93,1678.75,1682.75,1684.9,1659.1,1668.95,-0.58
07122023,42.54,1668.95,1674.65,1715.55,1665.2,1706.65,2.26
08122023,59.79,1706.65,1715.0,1720.0,1677.0,1694.85,-0.69
11122023,48.24,1694.85,1695.0,1710.4,1695.0,1707.05,0.72
12122023,35.96,1707.05,1709.9,1744.95,1701.05,1738.3,1.83
13122023,49.7,1738.3,1752.0,1752.0,1715.75,1719.8,-1.06
14122023,43.58,1719.8,1730.0,1757.55,1721.1,1749.65,1.74
15122023,40.54,1749.65,1763.0,1820.0,1753.05,1813.35,3.64
18122023,45.72,1813.35,1840.0,1842.0,1800.0,1808.65,-0.26
19122023,47.25,1808.65,1812.0,1817.65,1782.25,1791.85,-0.93
20122023,41.74,1791.85,1800.0,1802.05,1697.15,1704.6,-4.87
21122023,34.18,1704.6,1705.3,1740.3,1688.05,1728.95,1.43
22122023,34.7,1728.95,1734.25,1756.0,1718.7,1730.15,0.07
25122023,34.7,1728.95,1734.25,1756.0,1718.7,1730.15,0.07
26122023,41.85,1730.15,1728.0,1746.15,1721.3,1735.8,0.33
27122023,39.32,1735.8,1745.0,1750.7,1717.5,1731.95,-0.22
28122023,56.94,1731.95,1744.95,1830.0,1726.45,1807.45,4.36
29122023,35.82,1807.45,1797.45,1809.6,1763.15,1770.3,-2.06
01012024,44.54,1770.3,1784.0,1784.0,1756.0,1766.85,-0.19
02012024,47.51,1766.85,1770.0,1771.9,1735.0,1739.75,-1.53
03012024,35.82,1739.75,1749.0,1757.5,1730.6,1750.0,0.59
04012024,57.83,1750.0,1750.0,1773.85,1744.5,1766.4,0.94
05012024,45.4,1766.4,1768.0,1794.4,1739.0,1758.45,-0.45
08012024,35.65,1758.45,1760.0,1763.45,1714.1,1719.35,-2.22
09012024,51.8,1719.35,1735.0,1747.95,1723.25,1729.15,0.57
10012024,50.25,1729.15,1718.1,1737.05,1698.0,1718.4,-0.62
11012024,66.33,1718.4,1718.8,1742.15,1698.65,1716.3,-0.12
12012024,58.46,1716.3,1725.3,1775.0,1716.3,1744.3,1.63
15012024,73.54,1744.3,1754.9,1770.0,1730.1,1753.0,0.5
16012024,41.99,1753.0,1749.95,1764.0,1716.9,1731.65,-1.22
17012024,54.91,1731.65,1715.0,1740.0,1688.5,1697.5,-1.97
18012024,38.62,1697.5,1697.0,1801.95,1690.8,1769.6,4.25
19012024,37.94,1769.6,1800.05,1804.9,1718.3,1737.75,-1.8
22012024,54.32,1737.75,1748.0,1752.2,1720.0,1740.1,0.14
23012024,45.51,1740.1,1740.0,1757.8,1692.2,1704.1,-2.07
24012024,31.54,1704.1,1709.3,1731.15,1690.8,1728.65,1.44
25012024,47.84,1728.65,1728.65,1731.55,1703.5,1716.6,-0.7
29012024,57.31,1716.6,1713.1,1726.85,1706.55,1713.5,-0.18
30012024,47.64,1713.5,1716.8,1728.95,1700.1,1703.65,-0.57
31012024,54.32,1703.65,1710.5,1741.8,1701.8,1737.05,1.96
01022024,41.87,1737.05,1743.65,1743.65,1692.0,1704.3,-1.89
02022024,57.84,1704.3,1710.0,1725.0,1696.55,1698.7,-0.33
05022024,58.04,1698.7,1705.0,1712.3,1676.8,1683.15,-0.92
06022024,59.15,1683.15,1683.15,1708.1,1671.55,1705.05,1.3
07022024,36.35,1705.05,1715.0,1715.0,1682.3,1694.0,-0.65
08022024,34.91,1694.0,1700.4,1772.8,1700.4,1759.85,3.89
09022024,42.57,1759.85,1770.95,1775.05,1718.0,1760.85,0.06
12022024,32.89,1760.85,1768.65,1782.45,1712.95,1724.9,-2.04
13022024,40.17,1724.9,1725.95,1750.45,1705.0,1746.1,1.23
14022024,43.9,1746.1,1722.0,1759.0,1722.0,1752.7,0.38
15022024,44.82,1752.7,1758.95,1766.95,1738.0,1754.5,0.1
16022024,53.31,1754.5,1754.95,1829.0,1748.05,1812.35,3.3
19022024,51.7,1812.35,1828.0,1838.95,1808.7,1815.5,0.17
20022024,38.56,1815.5,1819.0,1842.85,1813.55,1821.85,0.35
21022024,38.15,1821.85,1830.0,1838.0,1786.5,1795.3,-1.46
22022024,34.55,1795.3,1800.45,1835.0,1763.65,1822.0,1.49
23022024,42.57,1822.0,1830.0,1848.7,1818.55,1824.55,0.14
26022024,36.57,1824.55,1828.0,1890.0,1813.4,1870.35,2.51
27022024,37.98,1870.35,1870.35,1915.0,1869.95,1909.5,2.09
28022024,47.65,1909.5,1911.95,1932.0,1901.8,1912.95,0.18
29022024,68.76,1912.95,1911.0,1937.0,1887.95,1923.2,0.54
01032024,46.72,1923.2,1928.15,1949.7,1901.15,1905.55,-0.92
04032024,24.19,1914.45,1925.0,2014.0,1925.0,1984.55,3.66
05032024,34.02,1984.55,1985.0,2006.9,1966.3,1994.35,0.49
06032024,41.34,1994.35,1998.05,2003.95,1940.1,1991.9,-0.12
07032024,30.26,1991.9,1990.0,2038.4,1977.05,2011.5,0.98
08032024,30.26,1991.9,1990.0,2038.4,1977.05,2011.5,0.98
11032024,36.94,2011.5,1998.6,2033.9,1946.55,1954.55,-2.83
12032024,40.09,1954.55,1966.0,2006.3,1944.35,1987.65,1.69
13032024,28.15,1987.65,1990.05,1997.0,1861.0,1885.6,-5.13
14032024,42.31,1885.6,1870.0,1936.65,1815.95,1930.05,2.36
15032024,48.96,1930.05,1930.0,1954.6,1896.55,1934.85,0.25
18032024,48.53,1934.85,1932.5,1972.95,1902.6,1962.65,1.44
19032024,50.49,1962.65,1959.05,1965.95,1904.55,1910.25,-2.67
20032024,40.02,1910.25,1919.2,1939.0,1852.6,1888.3,-1.15
21032024,51.83,1888.3,1909.0,1919.3,1875.65,1908.2,1.05
22032024,54.29,1908.2,1930.0,1932.45,1900.25,1922.65,0.76
25032024,54.29,1908.2,1930.0,1932.45,1900.25,1922.65,0.76
26032024,53.71,1922.65,1922.65,1957.2,1912.05,1947.6,1.3
27032024,41.96,1947.6,1948.6,1996.4,1933.85,1973.15,1.31
28032024,52.67,1973.15,1973.15,2017.7,1957.65,2010.4,1.89
29032024,52.67,1973.15,1973.15,2017.7,1957.65,2010.4,1.89
01042024,52.99,2010.4,2021.0,2050.7,2012.5,2036.55,1.3
02042024,47.05,2036.55,2043.85,2083.0,2037.95,2073.85,1.83
03042024,63.48,2073.85,2068.95,2084.65,2049.15,2054.1,-0.95
04042024,57.53,2054.1,2057.0,2079.5,2051.4,2057.55,0.17
05042024,64.54,2057.55,2059.0,2065.15,2027.0,2061.8,0.21
08042024,43.39,2061.8,2063.95,2073.1,2039.15,2048.25,-0.66
09042024,54.23,2048.25,2055.0,2058.6,2003.35,2012.65,-1.74
10042024,41.24,2012.65,2020.0,2020.0,1969.05,1970.55,-2.09
11042024,41.24,2012.65,2020.0,2020.0,1969.05,1970.55,-2.09
12042024,41.11,1970.55,1975.0,1984.15,1937.15,1945.45,-1.27
15042024,28.93,1945.45,1939.9,1969.9,1904.45,1909.2,-1.86
16042024,47.37,1909.2,1899.2,1915.0,1870.0,1883.75,-1.33
17042024,47.37,1909.2,1899.2,1915.0,1870.0,1883.75,-1.33
18042024,41.49,1883.75,1853.0,1924.3,1837.35,1854.1,-1.57
19042024,35.2,1854.1,1849.9,1849.9,1741.1,1755.2,-5.33
22042024,56.23,1755.2,1762.0,1773.25,1711.0,1722.95,-1.84
23042024,50.87,1722.95,1735.0,1762.95,1730.05,1744.95,1.28
24042024,52.55,1744.95,1754.05,1756.95,1740.0,1746.1,0.07
25042024,51.03,1746.1,1746.1,1752.25,1721.05,1743.4,-0.15
26042024,42.16,1743.4,1755.0,1764.85,1738.05,1756.65,0.76
29042024,59.2,1756.65,1756.65,1768.0,1715.3,1733.75,-1.3
30042024,63.18,1733.75,1736.45,1758.0,1725.0,1729.85,-0.22
01052024,63.18,1733.75,1736.45,1758.0,1725.0,1729.85,-0.22
02052024,48.59,1729.85,1731.0,1750.15,1728.2,1743.7,0.8
03052024,49.41,1743.7,1758.5,1758.5,1712.2,1721.75,-1.26
06052024,41.2,1721.75,1730.65,1731.95,1707.1,1724.5,0.16
07052024,59.35,1724.5,1727.8,1733.0,1712.0,1719.85,-0.27
08052024,36.37,1719.85,1718.0,1773.5,1707.05,1756.85,2.15
09052024,35.8,1756.85,1765.0,1772.0,1720.1,1726.1,-1.75
10052024,45.19,1726.1,1725.0,1748.9,1714.5,1742.05,0.92
13052024,41.12,1742.05,1740.0,1748.6,1712.0,1743.2,0.07
14052024,51.41,1743.2,1747.95,1777.2,1732.45,1770.2,1.55
15052024,49.59,1770.2,1779.95,1781.7,1752.0,1768.85,-0.08
16052024,43.98,1768.85,1775.0,1813.0,1770.65,1805.45,2.07
17052024,51.32,1805.45,1794.25,1810.35,1790.75,1802.05,-0.19
20052024,63.7,1802.05,1804.95,1810.0,1794.55,1807.6,0.31
21052024,53.27,1807.6,1812.0,1830.35,1800.5,1820.9,0.74
22052024,48.11,1820.9,1829.65,1830.0,1794.6,1817.8,-0.17
23052024,39.81,1817.8,1835.0,1845.0,1821.5,1834.6,0.92
24052024,46.27,1834.6,1837.0,1845.0,1826.25,1838.55,0.22
27052024,52.11,1838.55,1840.0,1842.4,1806.95,1818.5,-1.09
28052024,52.79,1818.5,1823.95,1828.1,1781.1,1799.75,-1.03
29052024,46.57,1799.75,1785.0,1808.8,1785.0,1790.45,-0.52
30052024,43.32,1790.45,1785.4,1796.45,1756.05,1762.7,-1.55
31052024,62.91,1762.7,1769.0,1784.0,1761.65,1778.3,0.89
03062024,62.35,1778.3,1804.95,1821.4,1769.05,1775.25,-0.17
04062024,44.22,1775.25,1771.45,1771.45,1585.55,1668.25,-6.03
05062024,48.86,1668.25,1670.0,1755.7,1655.65,1748.3,4.8
06062024,47.59,1748.3,1748.3,1799.0,1748.0,1791.1,2.45
07062024,49.87,1791.1,1799.0,1817.75,1780.1,1812.75,1.21
10062024,40.6,1812.75,1829.0,1877.6,1819.25,1859.0,2.55
11062024,40.76,1859.0,1865.0,1909.0,1851.0,1878.75,1.06
12062024,39.29,1878.75,1895.0,1917.15,1887.95,1897.0,0.97
13062024,35.82,1897.0,1926.0,1926.0,1865.0,1877.0,-1.05
14062024,55.44,1877.0,1882.05,1885.8,1860.55,1868.4,-0.46
17062024,55.44,1877.0,1882.05,1885.8,1860.55,1868.4,-0.46
18062024,65.12,1868.4,1875.8,1878.2,1855.1,1868.2,-0.01
19062024,57.78,1868.2,1871.0,1872.45,1827.85,1831.25,-1.98
20062024,49.29,1831.25,1834.95,1880.0,1818.9,1865.2,1.85
21062024,52.85,1865.2,1870.0,1877.95,1840.0,1845.75,-1.04
24062024,39.72,1845.75,1845.05,1856.4,1829.05,1849.35,0.2
25062024,42.12,1849.35,1853.95,1865.95,1827.85,1837.5,-0.64
26062024,47.21,1837.5,1838.0,1864.45,1820.15,1841.6,0.22
27062024,44.96,1841.6,1841.8,1878.95,1832.1,1858.4,0.91
28062024,43.41,1858.4,1868.0,1883.9,1842.1,1854.45,-0.21
01072024,49.62,1854.45,1846.45,1868.1,1838.05,1855.85,0.08
02072024,67.0,1855.85,1857.0,1905.5,1836.55,1889.5,1.81
03072024,48.54,1889.5,1894.65,1902.0,1870.05,1894.75,0.28
04072024,61.03,1894.75,1896.0,1900.0,1874.3,1876.3,-0.97
05072024,54.63,1876.3,1878.7,1893.0,1873.2,1888.3,0.64
08072024,37.43,1888.3,1888.3,1892.95,1840.0,1857.2,-1.65
09072024,49.38,1857.2,1853.0,1871.5,1824.0,1843.75,-0.72
10072024,30.61,1843.75,1853.5,1863.2,1810.05,1854.75,0.6
11072024,36.05,1854.75,1858.95,1872.0,1843.05,1869.0,0.77
12072024,49.09,1869.0,1873.7,1875.0,1855.0,1859.5,-0.51
15072024,40.31,1859.5,1863.05,1882.95,1850.0,1871.15,0.63
16072024,42.63,1871.15,1871.15,1882.95,1846.55,1851.05,-1.07
17072024,42.63,1871.15,1871.15,1882.95,1846.55,1851.05,-1.07
18072024,24.63,1851.05,1835.0,1888.0,1825.55,1870.45,1.05
19072024,51.51,1870.45,1875.0,1883.9,1780.05,1788.4,-4.39
22072024,42.76,1788.4,1785.05,1817.95,1767.25,1785.7,-0.15
23072024,43.13,1785.7,1795.05,1802.25,1720.05,1785.55,-0.01
24072024,43.48,1785.55,1787.0,1858.2,1774.55,1848.5,3.53
25072024,52.68,1848.5,1825.0,1846.35,1816.65,1831.35,-0.93
26072024,55.64,1831.35,1842.0,1893.95,1835.1,1886.4,3.01
29072024,61.3,1886.4,1894.95,1895.0,1863.0,1875.6,-0.57
30072024,50.46,1875.6,1885.0,1931.7,1876.6,1907.5,1.7
31072024,43.0,1907.5,1910.0,2004.5,1910.0,1990.75,4.36
01082024,44.65,1990.75,1992.75,2005.85,1956.65,1970.85,-1.0
02082024,48.04,1970.85,1954.0,1989.95,1929.65,1951.35,-0.99
05082024,30.27,1951.35,1897.4,1939.0,1858.0,1869.95,-4.17
06082024,45.84,1869.95,1880.3,1911.5,1835.55,1841.7,-1.51
07082024,61.46,1841.7,1860.0,1885.0,1844.85,1876.75,1.9
08082024,44.71,1876.75,1880.0,1889.05,1851.05,1854.5,-1.19
09082024,32.87,1854.5,1866.45,1905.95,1863.05,1887.5,1.78
12082024,58.84,1887.5,1870.35,1900.15,1852.5,1886.75,-0.04
13082024,38.12,1886.75,1885.95,1889.45,1837.9,1849.45,-1.98
14082024,44.65,1849.45,1849.45,1857.95,1814.9,1833.35,-0.87
16082024,42.17,1833.35,1842.95,1870.0,1840.15,1864.6,1.7
19082024,46.94,1864.6,1864.85,1883.7,1864.85,1871.25,0.36
20082024,71.9,1871.25,1875.0,1887.0,1866.35,1879.45,0.44
21082024,45.62,1879.45,1879.05,1892.45,1865.2,1887.1,0.41
22082024,38.42,1887.1,1891.9,1931.75,1887.3,1918.95,1.69
23082024,33.38,1918.95,1929.9,1934.35,1901.0,1906.9,-0.63
26082024,24.47,1906.9,1915.5,1953.7,1911.2,1947.7,2.14
27082024,24.44,1947.7,1955.0,1965.0,1926.55,1946.15,-0.08
28082024,54.52,1946.15,1957.0,1974.8,1923.6,1928.5,-0.91
29082024,39.7,1928.5,1932.0,1949.0,1908.15,1932.95,0.23
30082024,61.96,1932.95,1943.9,1981.0,1932.95,1961.85,1.5
02092024,58.03,1961.85,1963.05,1973.6,1943.45,1965.2,0.17
03092024,28.69,1965.2,1965.2,2019.9,1963.0,1981.45,0.83
04092024,46.17,1981.45,1960.0,1969.2,1944.05,1952.1,-1.48
05092024,36.22,1952.1,1961.0,1988.55,1943.7,1977.15,1.28
06092024,40.11,1977.15,1972.3,1979.9,1939.0,1941.35,-1.81
09092024,39.26,1941.35,1924.0,1934.65,1909.4,1925.85,-0.8
10092024,48.88,1925.85,1935.95,2006.0,1930.0,1997.3,3.71
11092024,46.56,1997.3,2010.0,2030.0,1977.1,1982.65,-0.73
12092024,77.37,1982.65,1990.95,2032.2,1981.0,2021.45,1.96
13092024,43.23,2021.45,2033.9,2070.0,2022.55,2060.2,1.92
16092024,30.1,2060.2,2074.0,2079.0,2040.0,2047.5,-0.62
17092024,44.15,2047.5,2036.0,2047.5,2007.5,2029.95,-0.86
18092024,41.53,2029.95,2021.1,2029.9,1977.1,1995.1,-1.72
19092024,32.31,1995.1,2000.0,2028.95,1948.0,1975.25,-0.99
20092024,49.32,1975.25,1985.6,1986.9,1942.2,1968.0,-0.37
23092024,30.68,1968.0,1978.05,2025.0,1978.05,2007.75,2.02
24092024,61.09,2007.75,2012.8,2042.0,2010.05,2022.95,0.76
25092024,30.83,2022.95,2025.0,2134.35,2012.1,2127.7,5.18
26092024,39.15,2127.7,2140.0,2158.8,2116.0,2145.15,0.82
27092024,41.81,2145.15,2145.0,2168.0,2120.1,2126.45,-0.87
30092024,53.63,2126.45,2118.0,2142.9,2094.1,2134.75,0.39
01102024,63.65,2134.75,2143.0,2175.0,2131.65,2158.75,1.12
03102024,58.2,2158.75,2120.0,2175.0,2101.15,2143.1,-0.72
04102024,32.66,2143.1,2143.0,2157.7,2072.2,2082.05,-2.85
07102024,32.34,2082.05,2082.05,2096.4,1968.6,1980.0,-4.9
08102024,36.61,1980.0,1980.0,2024.0,1970.0,2004.15,1.22
09102024,36.72,2004.15,2005.0,2013.05,1945.0,1949.35,-2.73
10102024,43.81,1949.35,1953.0,1984.3,1945.0,1951.8,0.13
11102024,36.24,1951.8,1955.3,1993.7,1954.95,1963.75,0.61
14102024,37.14,1963.75,1963.75,1974.1,1935.0,1951.35,-0.63
15102024,48.06,1951.35,1951.0,1955.5,1910.2,1931.3,-1.03
16102024,36.26,1931.3,1934.95,1950.0,1908.0,1922.45,-0.46
17102024,44.34,1922.45,1929.0,1929.0,1811.0,1830.05,-4.81
18102024,36.66,1830.05,1819.0,1880.7,1808.1,1873.0,2.35
21102024,26.08,1873.0,1873.05,1906.0,1848.2,1852.85,-1.08
22102024,44.09,1852.85,1854.95,1867.95,1793.15,1799.2,-2.9
23102024,36.33,1799.2,1790.0,1827.9,1772.1,1779.05,-1.12
24102024,26.46,1779.05,1799.0,1841.95,1773.75,1787.0,0.45
25102024,36.77,1787.0,1787.25,1792.45,1738.05,1777.6,-0.53
28102024,27.42,1777.6,1779.1,1813.35,1769.2,1787.35,0.55
29102024,44.75,1787.35,1796.8,1798.4,1761.4,1784.05,-0.18
30102024,36.55,1784.05,1780.0,1825.0,1769.0,1787.15,0.17
31102024,58.06,1787.15,1792.1,1792.1,1747.15,1774.65,-0.7
01112024,55.21,1774.65,1795.0,1797.45,1778.5,1790.8,0.91
04112024,47.26,1790.8,1781.05,1787.9,1724.0,1746.35,-2.48
05112024,34.76,1746.35,1745.0,1760.0,1715.05,1756.05,0.56
06112024,54.15,1756.05,1759.6,1815.2,1754.8,1809.05,3.02
07112024,45.44,1809.05,1812.0,1829.1,1799.1,1805.8,-0.18
08112024,32.82,1805.8,1809.0,1812.0,1766.0,1774.65,-1.72
11112024,40.41,1774.65,1766.0,1794.75,1750.7,1767.95,-0.38
12112024,40.8,1767.95,1776.0,1794.85,1753.0,1759.65,-0.47
13112024,47.26,1759.65,1759.65,1779.75,1737.0,1745.1,-0.83
14112024,28.89,1745.1,1740.2,1777.35,1740.2,1749.9,0.28
15112024,28.89,1745.1,1740.2,1777.35,1740.2,1749.9,0.28
18112024,62.28,1749.9,1749.9,1755.8,1715.2,1727.35,-1.29
19112024,36.61,1727.35,1727.25,1773.0,1721.0,1736.7,0.54
20112024,36.61,1727.35,1727.25,1773.0,1721.0,1736.7,0.54
21112024,39.74,1736.7,1725.05,1733.85,1699.25,1711.55,-1.45
22112024,45.82,1711.55,1712.0,1744.75,1701.0,1738.15,1.55
25112024,65.72,1738.15,1751.0,1791.2,1751.0,1784.1,2.64
26112024,32.13,1784.1,1790.0,1817.25,1762.0,1765.05,-1.07
27112024,44.03,1765.05,1772.8,1775.2,1744.55,1763.0,-0.12
28112024,52.6,1763.0,1757.15,1765.35,1728.15,1745.1,-1.02
29112024,56.85,1745.1,1730.0,1759.1,1729.2,1755.1,0.57
02122024,38.15,1755.1,1755.1,1798.35,1741.7,1792.15,2.11
03122024,44.49,1792.15,1805.0,1815.3,1790.3,1807.9,0.88
04122024,50.01,1807.9,1807.9,1822.75,1790.0,1800.85,-0.39
05122024,46.83,1800.85,1814.0,1814.95,1789.0,1805.7,0.27
06122024,46.65,1805.7,1807.0,1811.3,1783.7,1788.1,-0.97
09122024,51.73,1788.1,1780.0,1803.5,1777.1,1785.35,-0.15
10122024,67.09,1785.35,1794.7,1798.55,1769.15,1775.1,-0.57
11122024,31.46,1775.1,1779.9,1844.0,1774.2,1839.95,3.65
12122024,43.94,1839.95,1842.5,1861.8,1827.9,1851.1,0.61
13122024,33.81,1851.1,1839.1,1846.45,1781.0,1840.95,-0.55
16122024,59.42,1840.95,1841.05,1860.6,1841.05,1856.25,0.83
17122024,47.38,1856.25,1850.3,1858.65,1798.5,1813.55,-2.3
18122024,63.52,1813.55,1812.1,1814.1,1786.25,1795.55,-0.99
19122024,40.79,1795.55,1750.0,1797.1,1749.95,1768.0,-1.53
20122024,59.91,1768.0,1768.0,1785.4,1704.2,1710.45,-3.26
23122024,41.5,1710.45,1721.95,1732.85,1700.0,1709.45,-0.06
24122024,39.53,1709.45,1718.9,1727.7,1702.0,1721.8,0.72
25122024,39.53,1709.45,1718.9,1727.7,1702.0,1721.8,0.72
26122024,52.64,1721.8,1721.8,1738.0,1703.55,1733.35,0.67
27122024,55.4,1733.35,1733.35,1743.95,1705.0,1713.6,-1.14
30122024,54.27,1713.6,1713.6,1728.5,1685.05,1697.1,-0.96
31122024,42.74,1697.1,1697.05,1717.45,1681.05,1703.4,0.37
01012025,41.93,1703.4,1710.0,1731.9,1698.95,1725.65,1.31
02012025,44.87,1725.65,1730.0,1752.35,1711.4,1745.05,1.12
03012025,45.2,1745.05,1743.0,1759.65,1731.0,1736.55,-0.49
06012025,52.29,1736.55,1733.65,1748.7,1682.05,1691.2,-2.61
07012025,54.35,1691.2,1690.0,1705.0,1680.0,1686.45,-0.28
08012025,51.17,1686.45,1686.95,1734.0,1659.25,1704.7,1.08
09012025,41.04,1704.7,1696.25,1745.4,1693.75,1706.8,0.12
10012025,46.22,1706.8,1708.2,1730.85,1671.1,1718.9,0.71
13012025,42.11,1718.9,1700.8,1706.9,1624.5,1632.3,-5.04
14012025,58.72,1632.3,1648.0,1706.65,1635.3,1676.9,2.73
15012025,52.02,1676.9,1675.0,1704.75,1668.2,1675.25,-0.1
16012025,43.68,1675.25,1681.05,1716.95,1681.05,1707.2,1.91
17012025,43.02,1707.2,1705.0,1722.4,1695.0,1698.15,-0.53
20012025,37.74,1698.15,1695.1,1742.45,1679.05,1729.9,1.87
21012025,32.4,1729.9,1748.0,1748.0,1685.0,1697.05,-1.9
22012025,21.1,1697.05,1697.0,1707.8,1588.15,1677.95,-1.13
23012025,33.05,1677.95,1684.85,1694.95,1604.25,1646.3,-1.89
24012025,21.97,1646.3,1648.3,1686.0,1622.15,1629.45,-1.02
27012025,50.16,1629.45,1615.0,1616.3,1560.0,1569.4,-3.69
28012025,50.65,1569.4,1575.0,1587.0,1551.55,1559.25,-0.65
29012025,57.05,1559.25,1557.0,1577.6,1550.0,1555.1,-0.27
30012025,33.56,1555.1,1556.8,1601.55,1556.8,1586.95,2.05
31012025,47.29,1586.95,1592.0,1638.75,1580.1,1633.0,2.9
03022025,29.8,1616.7,1600.2,1600.2,1550.6,1560.5,-3.48
04022025,45.34,1560.5,1563.5,1590.1,1557.9,1586.45,1.66
05022025,59.58,1586.45,1586.45,1627.45,1584.05,1605.35,1.19
06022025,55.15,1605.35,1611.3,1621.5,1578.2,1586.9,-1.15
07022025,34.11,1586.9,1586.9,1622.0,1584.05,1605.8,1.19
10022025,36.12,1605.8,1597.9,1605.75,1565.0,1572.0,-2.1
11022025,40.95,1572.0,1570.8,1571.85,1513.25,1525.35,-2.97
12022025,36.09,1525.35,1530.0,1538.0,1479.4,1522.15,-0.21
13022025,41.53,1522.15,1532.9,1553.5,1519.95,1523.2,0.07
14022025,43.34,1523.2,1527.0,1534.05,1483.6,1503.2,-1.31
17022025,39.5,1503.2,1503.4,1530.4,1480.0,1507.45,0.28
18022025,43.03,1507.45,1510.45,1510.45,1468.5,1488.3,-1.27
19022025,42.93,1488.3,1488.3,1518.5,1469.85,1501.8,0.91
20022025,57.18,1501.8,1499.7,1509.35,1476.0,1486.3,-1.03
21022025,55.13,1486.3,1486.35,1495.45,1439.1,1450.15,-2.43
24022025,66.57,1450.15,1441.65,1445.0,1415.1,1436.05,-0.97
25022025,73.39,1436.05,1428.85,1453.2,1401.2,1405.45,-2.13
27022025,62.45,1405.45,1406.6,1411.6,1376.9,1388.95,-1.17
28022025,65.58,1388.95,1367.75,1377.95,1343.3,1352.5,-2.62
03032025,67.86,1352.5,1351.05,1365.2,1316.55,1323.95,-2.11
04032025,62.14,1323.95,1309.1,1328.0,1291.0,1316.25,-0.58
05032025,60.68,1316.25,1316.35,1396.75,1313.55,1390.0,5.6
06032025,54.82,1390.0,1402.15,1410.0,1392.3,1398.4,0.6
07032025,39.81,1398.4,1398.5,1399.95,1376.1,1383.85,-1.04
10032025,49.74,1383.85,1385.0,1397.95,1361.0,1373.2,-0.77
11032025,12.43,1373.2,1366.0,1502.45,1366.0,1492.35,8.68
12032025,29.2,1492.35,1487.0,1519.9,1476.0,1508.05,1.05
13032025,43.01,1508.05,1500.0,1527.0,1494.75,1503.95,-0.27
17032025,45.2,1503.95,1510.45,1520.05,1487.05,1502.6,-0.09
18032025,51.67,1502.6,1504.7,1519.95,1491.25,1506.2,0.24
19032025,32.71,1506.2,1515.0,1577.75,1515.0,1561.1,3.64
20032025,46.66,1561.1,1576.1,1615.0,1567.0,1605.2,2.82
21032025,60.06,1605.2,1604.8,1625.0,1594.6,1610.0,0.3
24032025,57.66,1610.0,1619.8,1631.55,1597.05,1611.95,0.12
25032025,42.73,1611.95,1625.0,1625.0,1575.3,1578.25,-2.09
26032025,41.03,1578.25,1586.5,1608.85,1577.3,1604.95,1.69
27032025,62.05,1604.95,1603.55,1612.3,1580.3,1594.55,-0.65
28032025,64.97,1594.55,1605.0,1620.0,1574.95,1578.2,-1.03
01042025,46.04,1578.2,1580.0,1610.65,1566.0,1579.65,0.09
02042025,55.41,1579.65,1583.95,1598.85,1561.7,1595.2,0.98
03042025,42.18,1595.2,1582.0,1638.65,1581.95,1631.25,2.26
04042025,43.12,1631.25,1631.25,1631.25,1589.35,1598.05,-2.04
07042025,41.88,1598.05,1512.0,1565.0,1495.75,1549.85,-3.02
08042025,43.56,1549.85,1567.35,1588.2,1546.3,1565.5,1.01
09042025,44.21,1565.5,1565.0,1565.0,1528.2,1547.35,-1.16
11042025,48.77,1547.35,1564.95,1600.0,1543.05,1564.25,1.09
15042025,52.86,1564.25,1586.0,1598.3,1540.0,1591.0,1.71
16042025,28.17,1591.0,1588.1,1617.0,1579.4,1593.7,0.17
17042025,30.61,1593.7,1599.0,1610.0,1560.3,1565.0,-1.8
21042025,37.95,1565.0,1578.0,1587.3,1537.1,1573.8,0.56
22042025,31.39,1573.8,1584.8,1617.9,1560.6,1598.7,1.58
23042025,31.56,1598.7,1650.0,1655.3,1577.1,1584.4,-0.89
24042025,49.81,1584.4,1597.3,1623.0,1556.0,1608.1,1.5
25042025,50.5,1608.1,1610.0,1623.0,1535.1,1569.6,-2.39
28042025,28.15,1569.6,1566.8,1592.0,1560.1,1581.1,0.73
29042025,51.09,1581.1,1578.0,1606.3,1567.5,1579.5,-0.1
30042025,49.43,1579.5,1584.0,1601.0,1568.2,1591.4,0.75
02052025,56.45,1591.4,1599.0,1599.0,1553.8,1559.2,-2.02
05052025,68.19,1559.2,1557.5,1598.0,1555.1,1591.1,2.05
06052025,46.67,1591.1,1585.1,1608.5,1541.5,1545.6,-2.86
07052025,53.41,1545.6,1520.6,1552.3,1520.6,1543.6,-0.13
08052025,39.77,1543.6,1540.0,1562.0,1495.0,1507.5,-2.34
09052025,33.2,1507.5,1485.0,1522.0,1470.8,1515.8,0.55
12052025,54.52,1515.8,1549.9,1572.0,1542.1,1567.4,3.4
13052025,53.6,1567.4,1567.4,1577.0,1553.0,1565.3,-0.13
14052025,52.41,1565.3,1571.9,1620.0,1560.0,1603.8,2.46
15052025,50.83,1603.8,1609.9,1619.0,1595.8,1615.1,0.7
16052025,61.36,1615.1,1615.2,1634.3,1604.1,1632.3,1.06
19052025,62.31,1632.3,1625.0,1662.0,1613.8,1643.5,0.69
20052025,69.95,1643.5,1650.0,1654.8,1620.0,1634.3,-0.56
21052025,53.4,1634.3,1635.0,1671.0,1624.0,1664.7,1.86
22052025,55.56,1664.7,1670.0,1685.0,1651.1,1667.4,0.16
23052025,41.1,1667.4,1667.4,1689.4,1664.8,1674.6,0.43
26052025,66.69,1674.6,1675.0,1693.6,1661.8,1690.7,0.96
27052025,61.43,1690.7,1690.0,1696.0,1669.0,1687.9,-0.17
28052025,62.52,1687.9,1685.0,1697.5,1670.0,1690.1,0.13
29052025,60.84,1690.1,1691.0,1699.0,1679.0,1688.4,-0.1
30052025,73.16,1688.4,1696.5,1696.7,1665.4,1676.2,-0.72
02062025,53.42,1676.2,1676.2,1682.2,1650.0,1676.2,0.0
03062025,55.62,1676.2,1670.0,1689.3,1650.6,1663.2,-0.78
04062025,52.68,1663.2,1663.2,1685.9,1646.6,1682.7,1.17
05062025,41.02,1682.7,1683.5,1718.8,1683.5,1713.1,1.81
06062025,36.4,1713.1,1722.0,1724.8,1708.3,1713.1,0.0
09062025,38.39,1713.1,1715.0,1749.9,1715.0,1744.6,1.84
10062025,68.12,1744.6,1755.0,1760.0,1728.5,1735.0,-0.55
11062025,40.29,1735.0,1729.8,1733.8,1697.0,1712.8,-1.28
12062025,63.78,1712.8,1730.0,1731.9,1692.5,1700.7,-0.71
13062025,62.03,1700.7,1666.0,1712.4,1654.3,1706.0,0.31
16062025,57.41,1706.0,1705.0,1717.0,1687.6,1710.5,0.26
17062025,55.79,1710.5,1711.0,1722.9,1701.0,1709.6,-0.05
18062025,48.58,1709.6,1714.7,1719.0,1690.7,1699.7,-0.58
19062025,54.76,1699.7,1678.0,1683.0,1637.5,1648.7,-3.0
20062025,50.48,1648.7,1648.7,1663.7,1630.0,1654.5,0.35
23062025,48.86,1654.5,1649.7,1668.5,1638.0,1643.7,-0.65
24062025,38.77,1643.7,1655.8,1675.9,1636.0,1645.9,0.13
25062025,58.25,1645.9,1650.0,1676.4,1643.5,1672.2,1.6
26062025,55.37,1672.2,1682.0,1682.5,1657.4,1673.0,0.05
27062025,27.21,1673.0,1676.6,1701.8,1673.0,1678.8,0.35
30062025,55.57,1678.8,1687.9,1699.9,1672.0,1690.6,0.7
01072025,44.29,1690.6,1686.6,1756.0,1684.1,1725.8,2.08
02072025,23.07,1725.8,1791.0,1818.7,1747.1,1807.5,4.73
03072025,59.49,1807.5,1802.0,1807.5,1766.6,1778.0,-1.63
04072025,68.65,1778.0,1778.0,1791.4,1754.4,1762.4,-0.88
07072025,53.94,1762.4,1757.1,1777.5,1755.0,1768.3,0.33
08072025,59.69,1768.3,1760.3,1768.1,1745.2,1763.5,-0.27
09072025,56.76,1763.5,1761.1,1771.8,1743.4,1761.2,-0.13
10072025,63.04,1761.2,1761.2,1769.5,1744.5,1753.4,-0.44
11072025,58.1,1753.4,1753.4,1766.0,1698.1,1711.8,-2.37
14072025,60.55,1711.8,1718.0,1719.0,1700.1,1713.4,0.09
15072025,36.09,1713.4,1715.1,1732.4,1710.0,1728.7,0.89
16072025,41.55,1728.7,1733.7,1742.3,1718.1,1724.1,-0.27
17072025,34.67,1724.1,1731.0,1737.9,1705.0,1731.6,0.44
18072025,22.19,1731.6,1700.3,1813.1,1700.3,1763.8,1.86
21072025,25.43,1763.8,1763.7,1804.4,1741.1,1771.2,0.42
22072025,50.32,1771.2,1773.9,1777.9,1730.2,1736.7,-1.95
23072025,44.62,1736.7,1734.7,1752.1,1715.6,1741.6,0.28
24072025,36.95,1741.6,1740.0,1740.0,1713.0,1728.5,-0.75
25072025,50.57,1728.5,1724.8,1740.9,1702.5,1728.8,0.02
28072025,46.04,1728.8,1720.0,1746.6,1697.0,1724.6,-0.24
29072025,51.39,1724.6,1718.1,1757.3,1715.9,1729.4,0.28
30072025,46.3,1729.4,1729.9,1765.0,1726.5,1758.6,1.69
31072025,42.75,1758.6,1766.0,1782.9,1701.3,1724.7,-1.93
01082025,38.3,1724.7,1720.1,1732.2,1660.0,1667.2,-3.33
04082025,40.08,1667.2,1666.0,1683.3,1622.9,1675.4,0.49
05082025,45.06,1675.4,1688.1,1712.8,1656.9,1691.2,0.94
06082025,56.99,1691.2,1689.1,1703.9,1659.9,1685.0,-0.37
07082025,71.22,1685.0,1679.3,1681.0,1655.1,1672.5,-0.74
08082025,58.16,1672.5,1666.6,1672.5,1639.4,1654.5,-1.08
11082025,85.83,1654.5,1650.0,1672.8,1645.1,1664.9,0.63
12082025,73.92,1664.9,1658.5,1664.0,1620.1,1627.0,-2.28
13082025,60.92,1627.0,1637.6,1645.5,1619.0,1639.8,0.79
14082025,40.03,1639.8,1640.0,1706.8,1640.0,1694.9,3.36
18082025,38.85,1694.9,1699.0,1713.3,1651.9,1673.4,-1.27
19082025,56.28,1673.4,1673.9,1698.0,1624.1,1668.8,-0.27
20082025,53.52,1668.8,1668.7,1674.7,1640.0,1645.2,-1.41
21082025,82.5,1645.2,1650.0,1654.1,1580.9,1589.0,-3.42
22082025,69.7,1589.0,1589.0,1609.5,1582.8,1604.5,0.98
25082025,91.3,1604.5,1604.5,1617.7,1585.9,1594.8,-0.6
26082025,69.88,1594.8,1589.9,1604.5,1555.5,1562.8,-2.01
28082025,56.39,1562.8,1583.1,1585.0,1545.8,1559.6,-0.2
29082025,57.72,1559.6,1559.8,1561.8,1520.1,1548.6,-0.71
01092025,54.02,1548.6,1560.0,1567.9,1540.0,1561.0,0.8
02092025,60.92,1561.0,1565.0,1568.5,1549.1,1551.5,-0.61
03092025,89.37,1551.5,1561.0,1576.9,1554.7,1566.1,0.94
04092025,78.56,1566.1,1566.9,1578.1,1548.0,1554.3,-0.75
05092025,66.51,1554.3,1550.0,1561.8,1536.4,1549.6,-0.3
08092025,51.68,1549.6,1560.6,1560.6,1541.0,1547.0,-0.17
09092025,58.87,1547.0,1549.0,1614.4,1547.2,1603.5,3.65
10092025,56.81,1603.5,1612.0,1624.4,1575.1,1582.7,-1.3
11092025,73.46,1582.7,1583.0,1590.9,1574.0,1583.3,0.04
12092025,76.78,1583.3,1585.4,1619.8,1578.5,1614.0,1.94
15092025,46.34,1614.0,1614.0,1675.0,1603.2,1670.3,3.49
16092025,43.21,1670.3,1685.0,1725.0,1673.5,1713.8,2.6
17092025,59.14,1713.8,1720.0,1725.9,1680.9,1693.1,-1.21
18092025,46.91,1693.1,1703.0,1745.2,1676.0,1683.6,-0.56
19092025,58.37,1683.6,1690.9,1729.7,1674.0,1684.4,0.05
22092025,48.49,1684.4,1684.4,1699.0,1647.8,1652.9,-1.87
23092025,50.99,1652.9,1666.4,1675.0,1642.4,1655.3,0.15
24092025,52.85,1655.3,1664.0,1669.8,1647.9,1654.6,-0.04
25092025,59.74,1654.6,1655.0,1673.3,1637.7,1658.8,0.25
26092025,57.21,1658.8,1642.0,1660.3,1605.0,1613.7,-2.72
29092025,70.98,1613.7,1618.0,1642.8,1597.3,1613.0,-0.04
30092025,48.19,1613.0,1627.9,1643.1,1601.2,1613.3,0.02
01102025,59.58,1613.3,1613.3,1624.9,1591.5,1613.2,-0.01
03102025,58.25,1613.2,1613.2,1622.6,1599.2,1613.8,0.04
06102025,36.25,1613.8,1613.8,1668.9,1592.8,1658.5,2.77
07102025,47.96,1658.5,1666.0,1674.9,1650.0,1662.5,0.24
08102025,63.47,1662.5,1672.5,1708.0,1659.1,1689.2,1.61
09102025,48.09,1689.2,1677.0,1705.0,1671.5,1696.8,0.45
10102025,16.09,1696.8,1701.6,1947.9,1701.6,1870.2,10.22
13102025,16.21,1870.2,1833.0,1853.4,1786.0,1798.2,-3.85
14102025,43.65,1798.2,1799.1,1899.0,1790.0,1872.6,4.14
15102025,20.67,1872.6,1945.0,1999.0,1880.0,1955.1,4.41
16102025,37.35,1955.1,1938.0,2004.0,1908.3,1971.3,0.83
17102025,30.84,1971.3,1968.0,1978.5,1916.0,1926.9,-2.25
20102025,34.6,1926.9,1935.5,1940.0,1862.4,1905.1,-1.13
21102025,23.39,1905.1,1911.8,1929.9,1901.0,1915.3,0.54
22102025,23.39,1905.1,1911.8,1929.9,1901.0,1915.3,0.54
23102025,40.86,1915.3,1919.0,1919.4,1846.4,1852.2,-3.29
24102025,25.15,1852.2,1865.0,1908.4,1843.1,1896.0,2.36
27102025,44.72,1896.0,1895.6,1953.6,1890.0,1941.3,2.39
28102025,52.62,1941.3,1941.0,1942.0,1892.8,1906.7,-1.78
29102025,44.26,1906.7,1905.1,1918.4,1878.3,1909.7,0.16
30102025,45.02,1909.7,1909.7,1958.4,1900.2,1913.8,0.21
31102025,45.5,1913.8,1914.7,1914.7,1870.8,1875.4,-2.01
03112025,43.16,1875.4,1875.4,1910.0,1861.0,1901.0,1.37
04112025,51.76,1901.0,1906.7,1940.0,1891.0,1905.4,0.23
05112025,51.76,1901.0,1906.7,1940.0,1891.0,1905.4,0.23
06112025,59.24,1905.4,1905.4,1905.4,1836.0,1842.0,-3.33
07112025,67.25,1842.0,1840.0,1854.1,1817.6,1849.4,0.4
10112025,48.27,1849.4,1831.5,1864.4,1821.2,1843.9,-0.3
11112025,56.97,1843.9,1846.4,1853.0,1826.2,1840.0,-0.21
12112025,47.81,1840.0,1843.6,1855.0,1808.1,1840.0,0.0
13112025,36.09,1840.0,1842.1,1905.2,1836.1,1888.7,2.65
14112025,41.99,1888.7,1894.9,1917.4,1865.4,1874.0,-0.78
17112025,58.9,1874.0,1881.2,1910.0,1875.7,1906.9,1.76
18112025,50.64,1906.9,1906.2,1906.2,1875.7,1880.9,-1.36
19112025,44.17,1880.9,1880.9,1911.9,1863.0,1875.5,-0.29
20112025,48.7,1875.5,1894.0,1936.9,1865.9,1917.4,2.23
21112025,31.53,1917.4,1925.0,1948.1,1896.0,1920.9,0.18
24112025,58.03,1920.9,1926.9,1928.7,1853.5,1880.8,-2.09
25112025,43.47,1880.8,1874.1,1879.8,1820.0,1825.9,-2.92
26112025,52.2,1825.9,1831.3,1860.4,1810.2,1851.0,1.37
27112025,32.18,1851.0,1850.7,1874.7,1826.0,1842.9,-0.44
28112025,45.44,1842.9,1843.6,1857.6,1808.0,1815.2,-1.5
01122025,44.64,1815.2,1825.8,1843.5,1818.0,1836.6,1.18
02122025,53.91,1836.6,1840.0,1860.6,1820.0,1848.3,0.64
03122025,38.04,1848.3,1851.0,1896.9,1843.3,1864.9,0.9
04122025,50.71,1864.9,1864.9,1868.9,1831.2,1846.8,-0.97
05122025,51.63,1846.8,1854.8,1861.5,1817.1,1837.9,-0.48
08122025,57.88,1837.9,1850.0,1850.1,1786.0,1811.8,-1.42
09122025,57.83,1811.8,1810.2,1823.5,1781.1,1806.4,-0.3
10122025,40.34,1806.4,1818.0,1818.1,1785.0,1796.0,-0.58
11122025,63.5,1796.0,1796.0,1797.6,1766.1,1775.3,-1.15
12122025,67.46,1775.3,1785.3,1812.8,1785.3,1799.1,1.34
15122025,52.42,1799.1,1799.1,1807.2,1785.0,1792.4,-0.37
16122025,36.51,1792.4,1792.9,1848.5,1786.4,1824.8,1.81
17122025,51.97,1824.8,1823.6,1845.8,1805.0,1827.7,0.16
18122025,46.3,1827.7,1811.1,1823.8,1785.0,1791.7,-1.97
19122025,51.43,1791.7,1792.0,1837.5,1792.0,1824.7,1.84
22122025,62.7,1824.7,1820.0,1837.8,1794.0,1797.9,-1.47
23122025,55.32,1797.9,1807.4,1814.4,1787.3,1793.7,-0.23
24122025,56.79,1793.7,1790.0,1805.0,1765.5,1771.4,-1.24
25122025,56.79,1793.7,1790.0,1805.0,1765.5,1771.4,-1.24
26122025,52.01,1771.4,1772.9,1804.4,1770.1,1777.6,0.35
29122025,78.98,1777.6,1777.6,1807.0,1765.0,1800.0,1.26
30122025,74.24,1800.0,1799.0,1823.1,1774.0,1811.7,0.65
31122025,66.31,1811.7,1811.7,1830.0,1796.8,1825.3,0.75
01012026,65.77,1825.3,1825.3,1834.2,1803.7,1811.5,-0.76
02012026,65.8,1811.5,1806.5,1823.7,1783.4,1790.1,-1.18
05012026,54.33,1790.1,1792.9,1815.2,1790.1,1803.0,0.72
06012026,52.94,1803.0,1809.0,1819.3,1794.3,1804.7,0.09
07012026,73.85,1804.7,1804.0,1804.8,1785.5,1799.9,-0.27
08012026,50.65,1799.9,1791.0,1805.9,1759.4,1775.9,-1.33
09012026,54.53,1775.9,1775.9,1786.9,1726.2,1741.7,-1.93
12012026,43.19,1741.7,1740.0,1748.0,1681.0,1737.3,-0.25
13012026,56.86,1737.3,1735.1,1747.0,1724.0,1738.6,0.07
14012026,52.17,1738.6,1734.0,1767.8,1720.0,1753.6,0.86
15012026,52.17,1738.6,1734.0,1767.8,1720.0,1753.6,0.86
16012026,59.54,1753.6,1760.0,1773.1,1742.2,1754.6,0.06
19012026,67.18,1754.6,1742.2,1770.9,1722.2,1762.0,0.42
20012026,66.98,1762.0,1755.6,1762.0,1698.7,1712.2,-2.83
21012026,31.61,1712.2,1708.5,1743.8,1601.0,1617.8,-5.51
22012026,65.71,1617.8,1600.0,1658.9,1529.6,1547.9,-4.32
23012026,63.48,1547.9,1556.0,1584.0,1541.0,1560.2,0.79
27012026,52.25,1560.2,1561.0,1571.6,1538.1,1556.2,-0.26
28012026,64.68,1556.2,1556.4,1567.3,1508.3,1529.4,-1.72
29012026,53.01,1529.4,1530.5,1562.0,1514.8,1528.6,-0.05
30012026,45.18,1528.6,1528.6,1588.9,1522.5,1570.5,2.74
02022026,47.47,1604.9,1616.9,1617.7,1516.6,1570.2,-2.16
03022026,59.14,1570.2,1620.0,1620.2,1565.0,1583.3,0.83
04022026,54.02,1583.3,1583.3,1596.5,1555.4,1562.2,-1.33
05022026,52.31,1562.2,1562.2,1566.2,1539.2,1550.0,-0.78
06022026,49.62,1550.0,1550.0,1560.3,1532.0,1552.7,0.17
09022026,74.09,1552.7,1562.0,1583.0,1546.7,1573.6,1.35
10022026,32.61,1573.6,1584.0,1688.0,1580.0,1676.8,6.56
11022026,57.82,1676.8,1685.0,1707.8,1659.4,1703.3,1.58
12022026,40.81,1703.3,1694.0,1710.0,1670.0,1705.3,0.12
13022026,45.52,1705.3,1680.0,1691.6,1641.3,1656.9,-2.84
16022026,45.98,1656.9,1625.1,1645.8,1615.0,1621.6,-2.13
17022026,39.83,1621.6,1611.0,1655.4,1611.0,1651.3,1.83
18022026,50.53,1651.3,1650.0,1660.5,1633.0,1657.6,0.38
19022026,25.16,1657.6,1665.6,1677.9,1639.2,1656.5,-0.07
20022026,68.05,1656.5,1655.0,1703.6,1646.7,1686.7,1.82
23022026,41.48,1686.7,1686.7,1694.0,1656.6,1681.6,-0.3
24022026,59.67,1681.6,1685.3,1685.3,1590.1,1622.8,-3.5
25022026,45.62,1622.8,1630.8,1659.9,1583.6,1629.6,0.42
26022026,46.99,1629.6,1632.0,1669.8,1622.3,1660.3,1.88
27022026,59.97,1660.3,1660.6,1661.0,1580.5,1597.5,-3.78
02032026,45.63,1597.5,1575.0,1596.6,1539.2,1544.5,-3.32
03032026,45.63,1597.5,1575.0,1596.6,1539.2,1544.5,-3.32
04032026,46.87,1544.5,1513.7,1523.0,1471.6,1482.8,-3.99
05032026,49.73,1482.8,1492.4,1492.4,1443.3,1461.6,-1.43
06032026,47.42,1461.6,1450.1,1498.8,1439.8,1456.7,-0.34
09032026,44.14,1456.7,1426.0,1487.0,1401.9,1483.4,1.83
10032026,49.47,1483.4,1490.2,1491.2,1451.0,1476.6,-0.46
11032026,48.81,1476.6,1479.0,1496.0,1466.0,1482.9,0.43
12032026,46.36,1482.9,1475.0,1475.5,1438.6,1449.3,-2.27
13032026,76.06,1449.3,1440.0,1452.0,1394.8,1398.1,-3.53
16032026,62.3,1398.1,1400.0,1425.0,1377.3,1412.0,0.99
17032026,59.27,1412.0,1421.5,1441.1,1400.5,1435.0,1.63
18032026,41.45,1435.0,1436.9,1504.2,1430.4,1496.7,4.3
19032026,51.21,1496.7,1489.3,1489.3,1437.0,1440.9,-3.73
20032026,65.28,1440.9,1444.8,1463.6,1410.1,1416.8,-1.67
23032026,60.32,1416.8,1410.2,1413.7,1361.6,1383.0,-2.39
24032026,50.99,1383.0,1421.0,1434.0,1372.0,1407.3,1.76
25032026,50.35,1407.3,1418.0,1457.7,1411.9,1449.8,3.02
26032026,50.35,1407.3,1418.0,1457.7,1411.9,1449.8,3.02
27032026,54.69,1449.8,1449.8,1449.8,1385.0,1398.3,-3.55
30032026,43.14,1398.3,1400.0,1404.0,1342.1,1347.9,-3.6
31032026,43.14,1398.3,1400.0,1404.0,1342.1,1347.9,-3.6
01042026,46.76,1347.9,1377.2,1417.4,1362.1,1390.2,3.14
02042026,44.2,1390.2,1361.8,1397.9,1322.5,1387.3,-0.21
03042026,44.2,1390.2,1361.8,1397.9,1322.5,1387.3,-0.21
06042026,52.41,1387.3,1380.0,1409.8,1363.5,1402.7,1.11
07042026,45.67,1402.7,1385.0,1407.0,1366.2,1398.4,-0.31
08042026,54.58,1398.4,1460.0,1472.0,1424.1,1468.6,5.02
09042026,49.6,1468.6,1468.3,1494.7,1447.0,1471.0,0.16
10042026,60.74,1471.0,1472.4,1518.9,1470.0,1509.0,2.58
13042026,49.53,1509.0,1485.7,1533.0,1430.0,1512.3,0.22
14042026,49.53,1509.0,1485.7,1533.0,1430.0,1512.3,0.22
15042026,50.54,1512.3,1530.0,1568.0,1525.3,1561.5,3.25
16042026,47.92,1561.5,1561.5,1570.0,1531.0,1561.4,-0.01
17042026,73.47,1561.4,1555.4,1574.7,1515.0,1521.1,-2.58
20042026,49.63,1521.1,1534.0,1534.0,1495.4,1515.7,-0.36
21042026,59.36,1515.7,1525.4,1529.4,1500.0,1513.4,-0.15
22042026,57.92,1513.4,1515.4,1536.0,1498.3,1525.0,0.77
23042026,35.84,1525.0,1535.0,1612.0,1511.8,1580.7,3.65
24042026,67.39,1580.7,1590.0,1595.0,1490.9,1520.6,-3.8
27042026,50.8,1520.6,1520.6,1579.0,1518.2,1574.7,3.56
28042026,49.93,1574.7,1574.7,1623.0,1569.7,1598.6,1.52
29042026,63.66,1598.6,1607.0,1614.2,1582.7,1602.2,0.23
30042026,54.98,1602.2,1582.0,1590.1,1568.3,1580.5,-1.35
01052026,54.98,1602.2,1582.0,1590.1,1568.3,1580.5,-1.35
04052026,70.88,1580.5,1586.7,1597.4,1550.0,1569.6,-0.69
05052026,61.11,1569.6,1570.0,1572.9,1538.7,1559.0,-0.68
06052026,63.3,1559.0,1579.0,1609.5,1557.1,1591.0,2.05
07052026,52.83,1591.0,1599.2,1609.8,1580.0,1593.5,0.16
08052026,53.91,1593.5,1593.9,1609.4,1575.1,1592.3,-0.08
11052026,58.03,1592.3,1576.9,1592.0,1560.0,1571.5,-1.31
12052026,58.15,1571.5,1571.5,1591.4,1530.4,1539.9,-2.01
13052026,58.99,1539.9,1545.0,1575.9,1532.3,1558.8,1.23
14052026,33.98,1558.8,1574.0,1670.0,1573.8,1656.1,6.24
15052026,32.98,1656.1,1670.0,1716.0,1667.5,1680.0,1.44
18052026,44.34,1680.0,1667.5,1678.0,1637.3,1668.4,-0.69
19052026,64.26,1668.4,1668.4,1676.7,1630.3,1646.6,-1.31
20052026,20.64,1646.6,1630.2,1805.0,1630.2,1775.6,7.83
21052026,26.0,1775.6,1785.0,1930.0,1771.1,1896.3,6.8
22052026,40.4,1896.3,1899.8,1979.0,1884.5,1964.0,3.57
25052026,39.96,1964.0,1964.0,1984.3,1911.5,1936.0,-1.43
26052026,40.07,1936.0,1935.8,2049.9,1888.0,2009.1,3.78
27052026,39.28,2009.1,2009.0,2048.0,1924.5,1966.6,-2.12
28052026,39.28,2009.1,2009.0,2048.0,1924.5,1966.6,-2.12
29052026,46.14,1966.6,1970.0,1986.3,1907.4,1965.0,-0.08
01062026,38.31,1965.0,1984.6,2025.0,1921.6,1942.6,-1.14
02062026,52.69,1942.6,1935.6,1962.0,1895.1,1906.2,-1.87
03062026,49.86,1906.2,1906.2,1960.0,1905.9,1933.7,1.44
04062026,35.51,1933.7,1942.5,2008.8,1919.0,1985.9,2.7
05062026,51.42,1985.9,2000.0,2029.7,1960.7,1972.7,-0.66
08062026,44.79,1972.7,1963.0,1975.5,1857.7,1905.8,-3.39
09062026,27.77,1905.8,1920.1,1994.9,1905.8,1975.8,3.67
10062026,55.89,1975.8,1974.2,1993.0,1954.0,1978.6,0.14
11062026,36.2,1978.6,1966.0,1985.6,1915.0,1966.0,-0.64
12062026,48.32,1966.0,1980.0,1980.0,1944.2,1966.6,0.03
15062026,46.72,1966.6,2000.0,2017.3,1919.0,1933.9,-1.66
16062026,54.32,1933.9,1940.0,1951.9,1890.2,1913.6,-1.05
17062026,67.24,1913.6,1920.0,1967.9,1894.1,1899.8,-0.72
18062026,45.69,1899.8,1928.0,1966.0,1902.0,1942.0,2.22
19062026,60.5,1942.0,1921.0,2016.5,1921.0,1988.8,2.41
22062026,41.64,1988.8,2003.0,2110.0,1981.3,2061.7,3.67
23062026,54.25,2061.7,2076.0,2076.0,1978.1,2023.2,-1.87
24062026,64.57,2023.2,2025.0,2070.0,2011.1,2028.5,0.26
25062026,51.36,2028.5,2032.0,2053.9,1985.0,1991.9,-1.8
26062026,51.36,2028.5,2032.0,2053.9,1985.0,1991.9,-1.8
29062026,55.36,1991.9,1990.1,2017.8,1949.5,1993.4,0.08
30062026,59.31,1993.4,1987.0,2002.2,1955.2,1970.6,-1.14
01072026,54.76,1970.6,1970.6,1990.0,1900.0,1911.7,-2.99
02072026,60.66,1911.7,1924.9,1951.0,1876.2,1938.0,1.38
03072026,47.55,1938.0,1938.0,1968.0,1893.9,1906.7,-1.62
06072026,49.44,1906.7,1908.7,1928.9,1888.0,1892.0,-0.77
07072026,56.22,1892.0,1891.0,1926.0,1879.7,1906.9,0.79
08072026,45.72,1906.9,1906.7,1920.4,1858.8,1886.2,-1.09
09072026,51.44,1886.2,1898.0,1907.4,1865.6,1870.4,-0.84
10072026,63.56,1870.4,1886.2,1901.5,1850.0,1856.2,-0.76
13072026,51.51,1856.2,1857.0,1895.9,1829.4,1835.4,-1.12
14072026,43.28,1835.4,1838.9,1852.9,1831.0,1848.6,0.72
15072026,43.42,1848.6,1852.9,1863.9,1825.0,1855.7,0.38
16072026,51.8,1855.7,1866.0,1866.0,1833.4,1839.9,-0.85
17072026,51.63,1839.9,1842.9,1849.9,1801.0,1817.1,-1.24
20072026,50.44,1817.1,1815.0,1862.6,1815.0,1822.6,0.3
21072026,54.68,1822.6,1808.0,1836.4,1808.0,1818.8,-0.21
22072026,24.5,1818.8,1830.0,1854.0,1680.0,1761.4,-3.16
23072026,46.21,1761.4,1765.7,1817.6,1742.8,1800.7,2.23
24072026,59.92,1800.7,1799.9,1799.9,1751.7,1775.3,-1.41
27072026,50.77,1775.3,1787.7,1796.9,1713.0,1735.2,-2.26
28072026,53.73,1735.2,1735.2,1784.2,1727.8,1764.5,1.69
29072026,44.85,1764.5,1779.4,1799.1,1761.8,1780.7,0.92
30072026,51.47,1780.7,1781.2,1805.0,1758.1,1773.7,-0.39
31072026,63.79,1773.7,1781.7,1799.0,1751.0,1756.4,-0.98
03082026,67.52,1756.4,1765.9,1793.8,1755.0,1780.1,1.35
04082026,54.53,1780.1,1781.2,1784.0,1752.2,1778.5,-0.09
05082026,57.59,1778.5,1783.1,1783.1,1725.0,1747.8,-1.73
06082026,60.72,1747.8,1747.9,1755.5,1721.5,1735.5,-0.7
07082026,51.47,1735.5,1736.0,1764.0,1730.0,1755.2,1.14
10082026,58.23,1755.2,1750.0,1783.8,1734.4,1739.4,-0.9
11082026,49.54,1739.4,1731.0,1759.0,1705.2,1746.1,0.39
12082026,48.25,1746.1,1754.0,1754.0,1709.4,1736.2,-0.57
13082026,49.03,1736.2,1730.1,1779.5,1727.6,1758.2,1.27
14082026,59.71,1758.2,1758.2,1765.0,1714.4,1718.1,-2.28
17082026,49.3,1718.1,1725.0,1736.9,1686.0,1711.9,-0.36
18082026,63.77,1711.9,1700.1,1709.2,1682.0,1689.8,-1.29
19082026,59.44,1689.8,1685.0,1697.8,1652.9,1660.0,-1.76
20082026,45.23,1660.0,1675.7,1704.1,1670.5,1677.5,1.05
21082026,55.15,1677.5,1677.1,1683.6,1650.0,1655.4,-1.32
24082026,48.11,1655.4,1660.0,1699.2,1653.0,1688.5,2.0
25082026,64.91,1688.5,1688.7,1710.9,1677.3,1699.9,0.68
26082026,53.63,1699.9,1700.0,1706.6,1640.2,1649.3,-2.98
27082026,50.75,1649.3,1649.3,1705.7,1641.5,1689.6,2.44
28082026,62.08,1689.6,1685.4,1704.0,1678.1,1694.7,0.3
31082026,52.57,1694.7,1695.0,1733.0,1690.0,1723.4,1.69
01092026,60.98,1723.4,1735.1,1744.9,1707.9,1733.8,0.6
02092026,75.48,1733.8,1733.0,1733.0,1692.2,1710.0,-1.37
03092026,63.88,1710.0,1707.0,1722.5,1685.0,1696.4,-0.8
04092026,46.83,1696.4,1696.4,1763.0,1696.4,1756.1,3.52
07092026,59.65,1756.1,1754.1,1754.1,1725.0,1738.5,-1.0
08092026,68.14,1738.5,1746.9,1760.0,1718.2,1752.8,0.82
09092026,46.95,1752.8,1752.0,1784.0,1734.9,1772.8,1.14
