date,open,high,low,close,volume
20191001T,61.62,61.62,61.62,61.62,0
20191003T,39.07,39.07,39.07,39.07,0
20191004T,29.27,29.27,29.27,29.27,0
20191007T,75.9,75.9,75.9,75.9,0
20191008T,75.9,75.9,75.9,75.9,0
20191009T,46.24,46.24,46.24,46.24,0
20191010T,49.9,49.9,49.9,49.9,0
20191011T,99.39,99.39,99.39,99.39,0
20191014T,99.46,99.46,99.46,99.46,0
20191015T,40.83,40.83,40.83,40.83,0
20191016T,47.58,47.58,47.58,47.58,0
20191017T,72.07,72.07,72.07,72.07,0
20191018T,49.65,49.65,49.65,49.65,0
20191021T,49.65,49.65,49.65,49.65,0
20191022T,64.0,64.0,64.0,64.0,0
20191023T,48.97,48.97,48.97,48.97,0
20191024T,96.05,96.05,96.05,96.05,0
20191025T,48.36,48.36,48.36,48.36,0
20191028T,74.92,74.92,74.92,74.92,0
20191029T,57.95,57.95,57.95,57.95,0
20191030T,58.68,58.68,58.68,58.68,0
20191031T,79.57,79.57,79.57,79.57,0
20191101T,34.65,34.65,34.65,34.65,0
20191104T,57.87,57.87,57.87,57.87,0
20191105T,50.84,50.84,50.84,50.84,0
20191106T,73.99,73.99,73.99,73.99,0
20191107T,40.19,40.19,40.19,40.19,0
20191108T,30.87,30.87,30.87,30.87,0
20191111T,68.78,68.78,68.78,68.78,0
20191112T,68.78,68.78,68.78,68.78,0
20191113T,59.74,59.74,59.74,59.74,0
20191114T,45.34,45.34,45.34,45.34,0
20191115T,63.1,63.1,63.1,63.1,0
20191118T,82.87,82.87,82.87,82.87,0
20191119T,62.39,62.39,62.39,62.39,0
20191120T,79.3,79.3,79.3,79.3,0
20191121T,51.04,51.04,51.04,51.04,0
20191122T,67.5,67.5,67.5,67.5,0
20191125T,61.89,61.89,61.89,61.89,0
20191126T,73.04,73.04,73.04,73.04,0
20191127T,62.39,62.39,62.39,62.39,0
20191128T,74.87,74.87,74.87,74.87,0
20191129T,59.27,59.27,59.27,59.27,0
20191202T,53.88,53.88,53.88,53.88,0
20191203T,46.37,46.37,46.37,46.37,0
20191204T,36.89,36.89,36.89,36.89,0
20191205T,68.35,68.35,68.35,68.35,0
20191206T,52.39,52.39,52.39,52.39,0
20191209T,54.95,54.95,54.95,54.95,0
20191210T,85.14,85.14,85.14,85.14,0
20191211T,32.35,32.35,32.35,32.35,0
20191212T,48.04,48.04,48.04,48.04,0
20191213T,73.46,73.46,73.46,73.46,0
20191216T,59.59,59.59,59.59,59.59,0
20191217T,50.68,50.68,50.68,50.68,0
20191218T,69.6,69.6,69.6,69.6,0
20191219T,86.37,86.37,86.37,86.37,0
20191220T,81.55,81.55,81.55,81.55,0
20191223T,87.38,87.38,87.38,87.38,0
20191224T,73.57,73.57,73.57,73.57,0
20191225T,73.57,73.57,73.57,73.57,0
20191226T,58.54,58.54,58.54,58.54,0
20191227T,59.27,59.27,59.27,59.27,0
20191230T,80.91,80.91,80.91,80.91,0
20191231T,56.6,56.6,56.6,56.6,0
20200101T,50.09,50.09,50.09,50.09,0
20200102T,66.55,66.55,66.55,66.55,0
20200103T,48.99,48.99,48.99,48.99,0
20200106T,48.59,48.59,48.59,48.59,0
20200107T,20.13,20.13,20.13,20.13,0
20200108T,90.75,90.75,90.75,90.75,0
20200109T,63.57,63.57,63.57,63.57,0
20200110T,62.96,62.96,62.96,62.96,0
20200113T,65.56,65.56,65.56,65.56,0
20200114T,23.22,23.22,23.22,23.22,0
20200115T,51.2,51.2,51.2,51.2,0
20200116T,44.49,44.49,44.49,44.49,0
20200117T,52.6,52.6,52.6,52.6,0
20200120T,60.26,60.26,60.26,60.26,0
20200121T,83.81,83.81,83.81,83.81,0
20200122T,73.33,73.33,73.33,73.33,0
20200123T,77.52,77.52,77.52,77.52,0
20200124T,90.51,90.51,90.51,90.51,0
20200127T,55.44,55.44,55.44,55.44,0
20200128T,55.12,55.12,55.12,55.12,0
20200129T,70.17,70.17,70.17,70.17,0
20200130T,82.42,82.42,82.42,82.42,0
20200131T,52.22,52.22,52.22,52.22,0
20200203T,55.01,55.01,55.01,55.01,0
20200204T,73.2,73.2,73.2,73.2,0
20200205T,52.0,52.0,52.0,52.0,0
20200206T,89.81,89.81,89.81,89.81,0
20200207T,68.77,68.77,68.77,68.77,0
20200210T,48.07,48.07,48.07,48.07,0
20200211T,68.13,68.13,68.13,68.13,0
20200212T,54.0,54.0,54.0,54.0,0
20200213T,68.84,68.84,68.84,68.84,0
20200214T,67.97,67.97,67.97,67.97,0
20200217T,71.39,71.39,71.39,71.39,0
20200218T,36.0,36.0,36.0,36.0,0
20200219T,57.62,57.62,57.62,57.62,0
20200220T,61.59,61.59,61.59,61.59,0
20200221T,61.59,61.59,61.59,61.59,0
20200224T,70.28,70.28,70.28,70.28,0
20200225T,67.54,67.54,67.54,67.54,0
20200226T,85.88,85.88,85.88,85.88,0
20200227T,59.15,59.15,59.15,59.15,0
20200228T,51.05,51.05,51.05,51.05,0
20200302T,53.28,53.28,53.28,53.28,0
20200303T,84.52,84.52,84.52,84.52,0
20200304T,48.86,48.86,48.86,48.86,0
20200305T,60.98,60.98,60.98,60.98,0
20200306T,67.62,67.62,67.62,67.62,0
20200309T,61.34,61.34,61.34,61.34,0
20200310T,61.34,61.34,61.34,61.34,0
20200311T,72.17,72.17,72.17,72.17,0
20200312T,76.96,76.96,76.96,76.96,0
20200313T,64.77,64.77,64.77,64.77,0
20200316T,66.68,66.68,66.68,66.68,0
20200317T,52.84,52.84,52.84,52.84,0
20200318T,75.31,75.31,75.31,75.31,0
20200319T,53.03,53.03,53.03,53.03,0
20200320T,89.35,89.35,89.35,89.35,0
20200323T,74.33,74.33,74.33,74.33,0
20200324T,59.21,59.21,59.21,59.21,0
20200325T,54.77,54.77,54.77,54.77,0
20200326T,96.87,96.87,96.87,96.87,0
20200327T,97.15,97.15,97.15,97.15,0
20200330T,93.72,93.72,93.72,93.72,0
20200331T,63.77,63.77,63.77,63.77,0
20200401T,65.04,65.04,65.04,65.04,0
20200402T,65.04,65.04,65.04,65.04,0
20200403T,57.99,57.99,57.99,57.99,0
20200406T,57.99,57.99,57.99,57.99,0
20200407T,41.35,41.35,41.35,41.35,0
20200408T,81.5,81.5,81.5,81.5,0
20200409T,57.54,57.54,57.54,57.54,0
20200410T,57.54,57.54,57.54,57.54,0
20200413T,92.18,92.18,92.18,92.18,0
20200415T,72.84,72.84,72.84,72.84,0
20200416T,63.96,63.96,63.96,63.96,0
20200417T,68.85,68.85,68.85,68.85,0
20200420T,58.54,58.54,58.54,58.54,0
20200421T,78.78,78.78,78.78,78.78,0
20200422T,98.38,98.38,98.38,98.38,0
20200423T,85.45,85.45,85.45,85.45,0
20200424T,73.62,73.62,73.62,73.62,0
20200427T,85.01,85.01,85.01,85.01,0
20200428T,58.95,58.95,58.95,58.95,0
20200429T,74.68,74.68,74.68,74.68,0
20200430T,69.89,69.89,69.89,69.89,0
20200501T,69.89,69.89,69.89,69.89,0
20200504T,69.5,69.5,69.5,69.5,0
20200505T,49.58,49.58,49.58,49.58,0
20200506T,63.65,63.65,63.65,63.65,0
20200507T,61.67,61.67,61.67,61.67,0
20200508T,75.8,75.8,75.8,75.8,0
20200511T,85.4,85.4,85.4,85.4,0
20200512T,61.09,61.09,61.09,61.09,0
20200513T,67.66,67.66,67.66,67.66,0
20200514T,69.45,69.45,69.45,69.45,0
20200515T,75.39,75.39,75.39,75.39,0
20200518T,51.58,51.58,51.58,51.58,0
20200519T,55.09,55.09,55.09,55.09,0
20200520T,77.47,77.47,77.47,77.47,0
20200521T,60.78,60.78,60.78,60.78,0
20200522T,71.68,71.68,71.68,71.68,0
20200525T,71.68,71.68,71.68,71.68,0
20200526T,66.63,66.63,66.63,66.63,0
20200527T,60.67,60.67,60.67,60.67,0
20200528T,54.79,54.79,54.79,54.79,0
20200529T,54.15,54.15,54.15,54.15,0
20200601T,79.72,79.72,79.72,79.72,0
20200602T,78.43,78.43,78.43,78.43,0
20200603T,71.54,71.54,71.54,71.54,0
20200604T,60.95,60.95,60.95,60.95,0
20200605T,71.2,71.2,71.2,71.2,0
20200608T,67.0,67.0,67.0,67.0,0
20200609T,63.98,63.98,63.98,63.98,0
20200610T,55.39,55.39,55.39,55.39,0
20200611T,55.97,55.97,55.97,55.97,0
20200612T,54.65,54.65,54.65,54.65,0
20200615T,85.08,85.08,85.08,85.08,0
20200616T,69.99,69.99,69.99,69.99,0
20200617T,80.05,80.05,80.05,80.05,0
20200618T,97.87,97.87,97.87,97.87,0
20200619T,45.73,45.73,45.73,45.73,0
20200622T,29.88,29.88,29.88,29.88,0
20200623T,69.28,69.28,69.28,69.28,0
20200624T,54.62,54.62,54.62,54.62,0
20200625T,60.17,60.17,60.17,60.17,0
20200626T,32.93,32.93,32.93,32.93,0
20200629T,54.93,54.93,54.93,54.93,0
20200630T,54.08,54.08,54.08,54.08,0
20200701T,70.3,70.3,70.3,70.3,0
20200702T,54.03,54.03,54.03,54.03,0
20200703T,50.32,50.32,50.32,50.32,0
20200706T,48.73,48.73,48.73,48.73,0
20200707T,47.91,47.91,47.91,47.91,0
20200708T,61.91,61.91,61.91,61.91,0
20200709T,51.1,51.1,51.1,51.1,0
20200710T,54.11,54.11,54.11,54.11,0
20200713T,55.75,55.75,55.75,55.75,0
20200714T,43.23,43.23,43.23,43.23,0
20200715T,64.74,64.74,64.74,64.74,0
20200716T,64.54,64.54,64.54,64.54,0
20200717T,62.41,62.41,62.41,62.41,0
20200720T,70.46,70.46,70.46,70.46,0
20200721T,71.95,71.95,71.95,71.95,0
20200722T,61.86,61.86,61.86,61.86,0
20200723T,52.94,52.94,52.94,52.94,0
20200724T,61.53,61.53,61.53,61.53,0
20200727T,67.29,67.29,67.29,67.29,0
20200728T,64.41,64.41,64.41,64.41,0
20200729T,50.56,50.56,50.56,50.56,0
20200730T,39.4,39.4,39.4,39.4,0
20200731T,44.75,44.75,44.75,44.75,0
20200803T,56.87,56.87,56.87,56.87,0
20200804T,60.0,60.0,60.0,60.0,0
20200805T,68.16,68.16,68.16,68.16,0
20200806T,60.37,60.37,60.37,60.37,0
20200807T,82.64,82.64,82.64,82.64,0
20200810T,60.93,60.93,60.93,60.93,0
20200811T,71.47,71.47,71.47,71.47,0
20200812T,50.29,50.29,50.29,50.29,0
20200813T,42.26,42.26,42.26,42.26,0
20200814T,55.3,55.3,55.3,55.3,0
20200817T,54.91,54.91,54.91,54.91,0
20200818T,57.64,57.64,57.64,57.64,0
20200819T,50.49,50.49,50.49,50.49,0
20200820T,51.64,51.64,51.64,51.64,0
20200821T,58.16,58.16,58.16,58.16,0
20200824T,59.2,59.2,59.2,59.2,0
20200825T,55.94,55.94,55.94,55.94,0
20200826T,48.79,48.79,48.79,48.79,0
20200827T,59.74,59.74,59.74,59.74,0
20200828T,56.14,56.14,56.14,56.14,0
20200831T,77.75,77.75,77.75,77.75,0
20200901T,61.21,61.21,61.21,61.21,0
20200902T,58.71,58.71,58.71,58.71,0
20200903T,37.37,37.37,37.37,37.37,0
20200904T,85.48,85.48,85.48,85.48,0
20200907T,69.56,69.56,69.56,69.56,0
20200908T,67.7,67.7,67.7,67.7,0
20200909T,51.71,51.71,51.71,51.71,0
20200910T,71.05,71.05,71.05,71.05,0
20200911T,48.42,48.42,48.42,48.42,0
20200914T,52.35,52.35,52.35,52.35,0
20200915T,65.71,65.71,65.71,65.71,0
20200916T,68.81,68.81,68.81,68.81,0
20200917T,57.55,57.55,57.55,57.55,0
20200918T,61.08,61.08,61.08,61.08,0
20200921T,49.68,49.68,49.68,49.68,0
20200922T,54.36,54.36,54.36,54.36,0
20200923T,57.94,57.94,57.94,57.94,0
20200924T,53.9,53.9,53.9,53.9,0
20200925T,55.25,55.25,55.25,55.25,0
20200928T,28.75,28.75,28.75,28.75,0
20200929T,67.51,67.51,67.51,67.51,0
20200930T,53.91,53.91,53.91,53.91,0
20201001T,82.52,82.52,82.52,82.52,0
20201005T,51.74,51.74,51.74,51.74,0
20201006T,82.19,82.19,82.19,82.19,0
20201007T,61.64,61.64,61.64,61.64,0
20201008T,74.44,74.44,74.44,74.44,0
20201009T,76.13,76.13,76.13,76.13,0
20201012T,79.4,79.4,79.4,79.4,0
20201013T,87.77,87.77,87.77,87.77,0
20201014T,64.34,64.34,64.34,64.34,0
20201015T,72.63,72.63,72.63,72.63,0
20201016T,80.56,80.56,80.56,80.56,0
20201019T,86.26,86.26,86.26,86.26,0
20201020T,73.21,73.21,73.21,73.21,0
20201021T,71.5,71.5,71.5,71.5,0
20201022T,67.74,67.74,67.74,67.74,0
20201023T,64.77,64.77,64.77,64.77,0
20201026T,86.66,86.66,86.66,86.66,0
20201027T,71.08,71.08,71.08,71.08,0
20201028T,71.59,71.59,71.59,71.59,0
20201029T,57.84,57.84,57.84,57.84,0
20201030T,33.1,33.1,33.1,33.1,0
20201102T,76.35,76.35,76.35,76.35,0
20201103T,33.66,33.66,33.66,33.66,0
20201104T,33.25,33.25,33.25,33.25,0
20201105T,23.87,23.87,23.87,23.87,0
20201106T,58.6,58.6,58.6,58.6,0
20201109T,68.26,68.26,68.26,68.26,0
20201110T,38.75,38.75,38.75,38.75,0
20201111T,52.8,52.8,52.8,52.8,0
20201112T,75.96,75.96,75.96,75.96,0
20201113T,71.38,71.38,71.38,71.38,0
20201116T,75.43,75.43,75.43,75.43,0
20201117T,65.82,65.82,65.82,65.82,0
20201118T,26.6,26.6,26.6,26.6,0
20201119T,45.04,45.04,45.04,45.04,0
20201120T,22.85,22.85,22.85,22.85,0
20201123T,50.6,50.6,50.6,50.6,0
20201124T,71.67,71.67,71.67,71.67,0
20201125T,85.43,85.43,85.43,85.43,0
20201126T,58.94,58.94,58.94,58.94,0
20201127T,70.17,70.17,70.17,70.17,0
20201130T,70.17,70.17,70.17,70.17,0
20201201T,54.37,54.37,54.37,54.37,0
20201202T,74.37,74.37,74.37,74.37,0
20201203T,52.35,52.35,52.35,52.35,0
20201204T,68.01,68.01,68.01,68.01,0
20201207T,55.14,55.14,55.14,55.14,0
20201208T,59.55,59.55,59.55,59.55,0
20201209T,69.41,69.41,69.41,69.41,0
20201210T,41.26,41.26,41.26,41.26,0
20201211T,35.46,35.46,35.46,35.46,0
20201214T,51.9,51.9,51.9,51.9,0
20201215T,57.94,57.94,57.94,57.94,0
20201216T,45.54,45.54,45.54,45.54,0
20201217T,49.75,49.75,49.75,49.75,0
20201218T,55.49,55.49,55.49,55.49,0
20201221T,54.48,54.48,54.48,54.48,0
20201222T,27.27,27.27,27.27,27.27,0
20201223T,62.87,62.87,62.87,62.87,0
20201224T,39.81,39.81,39.81,39.81,0
20201225T,39.81,39.81,39.81,39.81,0
20201228T,57.29,57.29,57.29,57.29,0
20201229T,83.12,83.12,83.12,83.12,0
20201230T,72.75,72.75,72.75,72.75,0
20201231T,43.32,43.32,43.32,43.32,0
20210101T,43.2,43.2,43.2,43.2,0
20210104T,54.9,54.9,54.9,54.9,0
20210105T,68.54,68.54,68.54,68.54,0
20210106T,50.28,50.28,50.28,50.28,0
20210107T,58.43,58.43,58.43,58.43,0
20210108T,67.01,67.01,67.01,67.01,0
20210111T,54.63,54.63,54.63,54.63,0
20210112T,62.41,62.41,62.41,62.41,0
20210113T,54.42,54.42,54.42,54.42,0
20210114T,49.64,49.64,49.64,49.64,0
20210115T,68.92,68.92,68.92,68.92,0
20210118T,90.67,90.67,90.67,90.67,0
20210119T,49.84,49.84,49.84,49.84,0
20210120T,62.88,62.88,62.88,62.88,0
20210121T,47.68,47.68,47.68,47.68,0
20210122T,33.68,33.68,33.68,33.68,0
20210125T,13.39,13.39,13.39,13.39,0
20210127T,24.62,24.62,24.62,24.62,0
20210128T,54.54,54.54,54.54,54.54,0
20210129T,57.63,57.63,57.63,57.63,0
20210201T,45.46,45.46,45.46,45.46,0
20210202T,62.44,62.44,62.44,62.44,0
20210203T,61.25,61.25,61.25,61.25,0
20210204T,61.07,61.07,61.07,61.07,0
20210205T,65.51,65.51,65.51,65.51,0
20210208T,64.29,64.29,64.29,64.29,0
20210209T,44.34,44.34,44.34,44.34,0
20210210T,38.2,38.2,38.2,38.2,0
20210211T,77.0,77.0,77.0,77.0,0
20210212T,70.47,70.47,70.47,70.47,0
20210215T,44.98,44.98,44.98,44.98,0
20210216T,47.11,47.11,47.11,47.11,0
20210217T,51.52,51.52,51.52,51.52,0
20210218T,60.15,60.15,60.15,60.15,0
20210219T,43.66,43.66,43.66,43.66,0
20210222T,79.42,79.42,79.42,79.42,0
20210223T,62.76,62.76,62.76,62.76,0
20210224T,54.94,54.94,54.94,54.94,0
20210225T,29.89,29.89,29.89,29.89,0
20210226T,63.38,63.38,63.38,63.38,0
20210301T,71.17,71.17,71.17,71.17,0
20210302T,53.94,53.94,53.94,53.94,0
20210303T,90.1,90.1,90.1,90.1,0
20210304T,65.58,65.58,65.58,65.58,0
20210305T,50.55,50.55,50.55,50.55,0
20210308T,64.66,64.66,64.66,64.66,0
20210309T,49.88,49.88,49.88,49.88,0
20210310T,83.99,83.99,83.99,83.99,0
20210311T,83.99,83.99,83.99,83.99,0
20210312T,40.5,40.5,40.5,40.5,0
20210315T,50.18,50.18,50.18,50.18,0
20210316T,43.02,43.02,43.02,43.02,0
20210317T,62.92,62.92,62.92,62.92,0
20210318T,25.82,25.82,25.82,25.82,0
20210319T,43.02,43.02,43.02,43.02,0
20210322T,43.95,43.95,43.95,43.95,0
20210323T,42.16,42.16,42.16,42.16,0
20210324T,77.76,77.76,77.76,77.76,0
20210325T,53.37,53.37,53.37,53.37,0
20210326T,97.63,97.63,97.63,97.63,0
20210329T,97.63,97.63,97.63,97.63,0
20210330T,66.6,66.6,66.6,66.6,0
20210331T,80.89,80.89,80.89,80.89,0
20210401T,43.12,43.12,43.12,43.12,0
20210402T,43.12,43.12,43.12,43.12,0
20210405T,66.2,66.2,66.2,66.2,0
20210406T,53.5,53.5,53.5,53.5,0
20210407T,75.0,75.0,75.0,75.0,0
20210408T,55.29,55.29,55.29,55.29,0
20210409T,66.15,66.15,66.15,66.15,0
20210412T,62.39,62.39,62.39,62.39,0
20210413T,52.24,52.24,52.24,52.24,0
20210414T,52.24,52.24,52.24,52.24,0
20210415T,55.91,55.91,55.91,55.91,0
20210416T,61.32,61.32,61.32,61.32,0
20210419T,90.52,90.52,90.52,90.52,0
20210420T,65.45,65.45,65.45,65.45,0
20210421T,65.45,65.45,65.45,65.45,0
20210422T,54.02,54.02,54.02,54.02,0
20210423T,52.11,52.11,52.11,52.11,0
20210426T,61.17,61.17,61.17,61.17,0
20210427T,23.21,23.21,23.21,23.21,0
20210428T,57.4,57.4,57.4,57.4,0
20210429T,60.55,60.55,60.55,60.55,0
20210430T,54.91,54.91,54.91,54.91,0
20210503T,57.59,57.59,57.59,57.59,0
20210504T,54.91,54.91,54.91,54.91,0
20210505T,78.15,78.15,78.15,78.15,0
20210506T,71.04,71.04,71.04,71.04,0
20210507T,74.94,74.94,74.94,74.94,0
20210510T,70.7,70.7,70.7,70.7,0
20210511T,61.01,61.01,61.01,61.01,0
20210512T,70.05,70.05,70.05,70.05,0
20210513T,70.05,70.05,70.05,70.05,0
20210514T,44.98,44.98,44.98,44.98,0
20210517T,78.03,78.03,78.03,78.03,0
20210518T,35.54,35.54,35.54,35.54,0
20210519T,41.98,41.98,41.98,41.98,0
20210520T,55.81,55.81,55.81,55.81,0
20210521T,67.38,67.38,67.38,67.38,0
20210524T,55.87,55.87,55.87,55.87,0
20210525T,56.9,56.9,56.9,56.9,0
20210526T,73.13,73.13,73.13,73.13,0
20210527T,64.87,64.87,64.87,64.87,0
20210528T,56.38,56.38,56.38,56.38,0
20210531T,50.32,50.32,50.32,50.32,0
20210601T,75.87,75.87,75.87,75.87,0
20210602T,76.24,76.24,76.24,76.24,0
20210603T,44.11,44.11,44.11,44.11,0
20210604T,45.32,45.32,45.32,45.32,0
20210607T,52.88,52.88,52.88,52.88,0
20210608T,58.58,58.58,58.58,58.58,0
20210609T,54.29,54.29,54.29,54.29,0
20210610T,59.58,59.58,59.58,59.58,0
20210611T,55.53,55.53,55.53,55.53,0
20210614T,68.26,68.26,68.26,68.26,0
20210615T,47.31,47.31,47.31,47.31,0
20210616T,64.11,64.11,64.11,64.11,0
20210617T,77.77,77.77,77.77,77.77,0
20210618T,71.95,71.95,71.95,71.95,0
20210621T,72.47,72.47,72.47,72.47,0
20210622T,73.8,73.8,73.8,73.8,0
20210623T,83.87,83.87,83.87,83.87,0
20210624T,81.91,81.91,81.91,81.91,0
20210625T,83.49,83.49,83.49,83.49,0
20210628T,48.34,48.34,48.34,48.34,0
20210629T,55.58,55.58,55.58,55.58,0
20210630T,51.07,51.07,51.07,51.07,0
20210701T,69.81,69.81,69.81,69.81,0
20210702T,66.05,66.05,66.05,66.05,0
20210705T,40.13,40.13,40.13,40.13,0
20210706T,31.18,31.18,31.18,31.18,0
20210707T,48.55,48.55,48.55,48.55,0
20210708T,54.71,54.71,54.71,54.71,0
20210709T,21.31,21.31,21.31,21.31,0
20210712T,51.72,51.72,51.72,51.72,0
20210713T,59.56,59.56,59.56,59.56,0
20210714T,51.07,51.07,51.07,51.07,0
20210715T,47.32,47.32,47.32,47.32,0
20210716T,53.83,53.83,53.83,53.83,0
20210719T,76.31,76.31,76.31,76.31,0
20210720T,55.67,55.67,55.67,55.67,0
20210721T,55.67,55.67,55.67,55.67,0
20210722T,47.74,47.74,47.74,47.74,0
20210723T,46.39,46.39,46.39,46.39,0
20210726T,55.63,55.63,55.63,55.63,0
20210727T,62.82,62.82,62.82,62.82,0
20210728T,54.73,54.73,54.73,54.73,0
20210729T,67.46,67.46,67.46,67.46,0
20210730T,70.2,70.2,70.2,70.2,0
20210802T,74.2,74.2,74.2,74.2,0
20210803T,48.74,48.74,48.74,48.74,0
20210804T,54.25,54.25,54.25,54.25,0
20210805T,42.31,42.31,42.31,42.31,0
20210806T,22.93,22.93,22.93,22.93,0
20210809T,43.21,43.21,43.21,43.21,0
20210810T,45.46,45.46,45.46,45.46,0
20210811T,48.23,48.23,48.23,48.23,0
20210812T,37.16,37.16,37.16,37.16,0
20210813T,66.56,66.56,66.56,66.56,0
20210816T,56.93,56.93,56.93,56.93,0
20210817T,43.58,43.58,43.58,43.58,0
20210818T,75.68,75.68,75.68,75.68,0
20210819T,75.68,75.68,75.68,75.68,0
20210820T,81.52,81.52,81.52,81.52,0
20210823T,67.65,67.65,67.65,67.65,0
20210824T,66.44,66.44,66.44,66.44,0
20210825T,36.21,36.21,36.21,36.21,0
20210826T,44.99,44.99,44.99,44.99,0
20210827T,58.53,58.53,58.53,58.53,0
20210830T,52.73,52.73,52.73,52.73,0
20210831T,48.83,48.83,48.83,48.83,0
20210901T,69.33,69.33,69.33,69.33,0
20210902T,60.38,60.38,60.38,60.38,0
20210903T,44.48,44.48,44.48,44.48,0
20210906T,65.22,65.22,65.22,65.22,0
20210907T,56.77,56.77,56.77,56.77,0
20210908T,70.58,70.58,70.58,70.58,0
20210909T,63.85,63.85,63.85,63.85,0
20210910T,63.85,63.85,63.85,63.85,0
20210913T,45.01,45.01,45.01,45.01,0
20210914T,62.69,62.69,62.69,62.69,0
20210915T,43.98,43.98,43.98,43.98,0
20210916T,51.39,51.39,51.39,51.39,0
20210917T,57.61,57.61,57.61,57.61,0
20210920T,53.09,53.09,53.09,53.09,0
20210921T,24.68,24.68,24.68,24.68,0
20210922T,40.97,40.97,40.97,40.97,0
20210923T,60.72,60.72,60.72,60.72,0
20210924T,57.38,57.38,57.38,57.38,0
20210927T,50.92,50.92,50.92,50.92,0
20210928T,44.81,44.81,44.81,44.81,0
20210929T,46.12,46.12,46.12,46.12,0
20210930T,49.25,49.25,49.25,49.25,0
20211001T,45.71,45.71,45.71,45.71,0
20211004T,73.17,73.17,73.17,73.17,0
20211005T,24.64,24.64,24.64,24.64,0
20211006T,39.33,39.33,39.33,39.33,0
20211007T,40.59,40.59,40.59,40.59,0
20211008T,43.23,43.23,43.23,43.23,0
20211011T,38.44,38.44,38.44,38.44,0
20211012T,46.48,46.48,46.48,46.48,0
20211013T,35.12,35.12,35.12,35.12,0
20211014T,54.3,54.3,54.3,54.3,0
20211015T,54.3,54.3,54.3,54.3,0
20211018T,70.7,70.7,70.7,70.7,0
20211019T,33.5,33.5,33.5,33.5,0
20211020T,40.59,40.59,40.59,40.59,0
20211021T,46.8,46.8,46.8,46.8,0
20211022T,63.26,63.26,63.26,63.26,0
20211025T,54.61,54.61,54.61,54.61,0
20211026T,69.75,69.75,69.75,69.75,0
20211027T,49.78,49.78,49.78,49.78,0
20211028T,65.27,65.27,65.27,65.27,0
20211029T,48.78,48.78,48.78,48.78,0
20211101T,70.48,70.48,70.48,70.48,0
20211102T,53.88,53.88,53.88,53.88,0
20211103T,46.83,46.83,46.83,46.83,0
20211104T,46.83,46.83,46.83,46.83,0
20211105T,71.1,71.1,71.1,71.1,0
20211108T,40.71,40.71,40.71,40.71,0
20211109T,26.69,26.69,26.69,26.69,0
20211110T,54.69,54.69,54.69,54.69,0
20211111T,62.15,62.15,62.15,62.15,0
20211112T,64.48,64.48,64.48,64.48,0
20211115T,41.64,41.64,41.64,41.64,0
20211116T,48.78,48.78,48.78,48.78,0
20211117T,55.68,55.68,55.68,55.68,0
20211118T,44.53,44.53,44.53,44.53,0
20211119T,44.53,44.53,44.53,44.53,0
20211122T,44.32,44.32,44.32,44.32,0
20211123T,50.75,50.75,50.75,50.75,0
20211124T,54.65,54.65,54.65,54.65,0
20211125T,76.45,76.45,76.45,76.45,0
20211126T,69.75,69.75,69.75,69.75,0
20211129T,49.85,49.85,49.85,49.85,0
20211130T,51.96,51.96,51.96,51.96,0
20211201T,71.76,71.76,71.76,71.76,0
20211202T,43.32,43.32,43.32,43.32,0
20211203T,68.77,68.77,68.77,68.77,0
20211206T,74.09,74.09,74.09,74.09,0
20211207T,85.56,85.56,85.56,85.56,0
20211208T,54.94,54.94,54.94,54.94,0
20211209T,67.37,67.37,67.37,67.37,0
20211210T,43.68,43.68,43.68,43.68,0
20211213T,64.46,64.46,64.46,64.46,0
20211214T,61.15,61.15,61.15,61.15,0
20211215T,52.46,52.46,52.46,52.46,0
20211216T,48.81,48.81,48.81,48.81,0
20211217T,49.56,49.56,49.56,49.56,0
20211220T,58.77,58.77,58.77,58.77,0
20211221T,42.01,42.01,42.01,42.01,0
20211222T,73.49,73.49,73.49,73.49,0
20211223T,64.44,64.44,64.44,64.44,0
20211224T,61.45,61.45,61.45,61.45,0
20211227T,64.9,64.9,64.9,64.9,0
20211228T,63.5,63.5,63.5,63.5,0
20211229T,26.86,26.86,26.86,26.86,0
20211230T,39.0,39.0,39.0,39.0,0
20211231T,71.6,71.6,71.6,71.6,0
20220103T,59.04,59.04,59.04,59.04,0
20220104T,52.82,52.82,52.82,52.82,0
20220105T,33.02,33.02,33.02,33.02,0
20220106T,63.39,63.39,63.39,63.39,0
20220107T,60.59,60.59,60.59,60.59,0
20220110T,56.14,56.14,56.14,56.14,0
20220111T,57.34,57.34,57.34,57.34,0
20220112T,68.77,68.77,68.77,68.77,0
20220113T,71.86,71.86,71.86,71.86,0
20220114T,63.7,63.7,63.7,63.7,0
20220117T,58.1,58.1,58.1,58.1,0
20220118T,49.02,49.02,49.02,49.02,0
20220119T,41.94,41.94,41.94,41.94,0
20220120T,62.34,62.34,62.34,62.34,0
20220121T,54.18,54.18,54.18,54.18,0
20220124T,80.63,80.63,80.63,80.63,0
20220125T,37.59,37.59,37.59,37.59,0
20220127T,45.39,45.39,45.39,45.39,0
20220128T,69.37,69.37,69.37,69.37,0
20220131T,51.51,51.51,51.51,51.51,0
20220201T,45.23,45.23,45.23,45.23,0
20220202T,49.59,49.59,49.59,49.59,0
20220203T,45.07,45.07,45.07,45.07,0
20220204T,46.91,46.91,46.91,46.91,0
20220207T,34.68,34.68,34.68,34.68,0
20220208T,54.47,54.47,54.47,54.47,0
20220209T,45.55,45.55,45.55,45.55,0
20220210T,71.62,71.62,71.62,71.62,0
20220211T,72.47,72.47,72.47,72.47,0
20220214T,45.14,45.14,45.14,45.14,0
20220215T,41.45,41.45,41.45,41.45,0
20220216T,28.77,28.77,28.77,28.77,0
20220217T,24.06,24.06,24.06,24.06,0
20220218T,41.91,41.91,41.91,41.91,0
20220221T,32.86,32.86,32.86,32.86,0
20220222T,76.2,76.2,76.2,76.2,0
20220223T,39.22,39.22,39.22,39.22,0
20220224T,69.86,69.86,69.86,69.86,0
20220225T,34.23,34.23,34.23,34.23,0
20220228T,52.87,52.87,52.87,52.87,0
20220301T,52.87,52.87,52.87,52.87,0
20220302T,49.97,49.97,49.97,49.97,0
20220303T,55.61,55.61,55.61,55.61,0
20220304T,60.8,60.8,60.8,60.8,0
20220307T,48.15,48.15,48.15,48.15,0
20220308T,57.84,57.84,57.84,57.84,0
20220309T,63.16,63.16,63.16,63.16,0
20220310T,65.74,65.74,65.74,65.74,0
20220311T,58.13,58.13,58.13,58.13,0
20220314T,83.44,83.44,83.44,83.44,0
20220315T,67.58,67.58,67.58,67.58,0
20220316T,65.05,65.05,65.05,65.05,0
20220317T,69.47,69.47,69.47,69.47,0
20220318T,69.47,69.47,69.47,69.47,0
20220321T,59.86,59.86,59.86,59.86,0
20220322T,76.28,76.28,76.28,76.28,0
20220323T,24.42,24.42,24.42,24.42,0
20220324T,60.56,60.56,60.56,60.56,0
20220325T,64.15,64.15,64.15,64.15,0
20220328T,56.66,56.66,56.66,56.66,0
20220329T,34.28,34.28,34.28,34.28,0
20220330T,53.89,53.89,53.89,53.89,0
20220331T,44.07,44.07,44.07,44.07,0
20220401T,49.52,49.52,49.52,49.52,0
20220404T,64.29,64.29,64.29,64.29,0
20220405T,50.92,50.92,50.92,50.92,0
20220406T,56.37,56.37,56.37,56.37,0
20220407T,38.16,38.16,38.16,38.16,0
20220408T,59.78,59.78,59.78,59.78,0
20220411T,68.37,68.37,68.37,68.37,0
20220412T,46.71,46.71,46.71,46.71,0
20220413T,53.47,53.47,53.47,53.47,0
20220414T,53.47,53.47,53.47,53.47,0
20220415T,53.47,53.47,53.47,53.47,0
20220418T,48.2,48.2,48.2,48.2,0
20220419T,41.37,41.37,41.37,41.37,0
20220420T,34.35,34.35,34.35,34.35,0
20220421T,64.15,64.15,64.15,64.15,0
20220422T,69.57,69.57,69.57,69.57,0
20220425T,58.13,58.13,58.13,58.13,0
20220426T,64.66,64.66,64.66,64.66,0
20220427T,61.77,61.77,61.77,61.77,0
20220428T,61.78,61.78,61.78,61.78,0
20220429T,61.63,61.63,61.63,61.63,0
20220502T,71.12,71.12,71.12,71.12,0
20220503T,71.12,71.12,71.12,71.12,0
20220504T,52.81,52.81,52.81,52.81,0
20220505T,74.25,74.25,74.25,74.25,0
20220506T,76.35,76.35,76.35,76.35,0
20220509T,74.39,74.39,74.39,74.39,0
20220510T,61.13,61.13,61.13,61.13,0
20220511T,40.29,40.29,40.29,40.29,0
20220512T,73.46,73.46,73.46,73.46,0
20220513T,25.08,25.08,25.08,25.08,0
20220516T,42.72,42.72,42.72,42.72,0
20220517T,55.81,55.81,55.81,55.81,0
20220518T,58.31,58.31,58.31,58.31,0
20220519T,47.01,47.01,47.01,47.01,0
20220520T,79.8,79.8,79.8,79.8,0
20220523T,74.92,74.92,74.92,74.92,0
20220524T,72.08,72.08,72.08,72.08,0
20220525T,53.1,53.1,53.1,53.1,0
20220526T,65.89,65.89,65.89,65.89,0
20220527T,70.12,70.12,70.12,70.12,0
20220530T,54.0,54.0,54.0,54.0,0
20220531T,37.17,37.17,37.17,37.17,0
20220601T,66.64,66.64,66.64,66.64,0
20220602T,79.68,79.68,79.68,79.68,0
20220603T,66.99,66.99,66.99,66.99,0
20220606T,47.46,47.46,47.46,47.46,0
20220607T,34.59,34.59,34.59,34.59,0
20220608T,33.08,33.08,33.08,33.08,0
20220609T,47.51,47.51,47.51,47.51,0
20220610T,64.56,64.56,64.56,64.56,0
20220613T,34.0,34.0,34.0,34.0,0
20220614T,61.72,61.72,61.72,61.72,0
20220615T,51.44,51.44,51.44,51.44,0
20220616T,45.07,45.07,45.07,45.07,0
20220617T,39.16,39.16,39.16,39.16,0
20220620T,44.37,44.37,44.37,44.37,0
20220621T,32.99,32.99,32.99,32.99,0
20220622T,56.28,56.28,56.28,56.28,0
20220623T,29.73,29.73,29.73,29.73,0
20220624T,43.04,43.04,43.04,43.04,0
20220627T,78.58,78.58,78.58,78.58,0
20220628T,44.31,44.31,44.31,44.31,0
20220629T,34.85,34.85,34.85,34.85,0
20220630T,47.31,47.31,47.31,47.31,0
20220701T,38.98,38.98,38.98,38.98,0
20220704T,67.28,67.28,67.28,67.28,0
20220705T,44.59,44.59,44.59,44.59,0
20220706T,32.61,32.61,32.61,32.61,0
20220707T,82.2,82.2,82.2,82.2,0
20220708T,35.06,35.06,35.06,35.06,0
20220711T,45.21,45.21,45.21,45.21,0
20220712T,70.38,70.38,70.38,70.38,0
20220713T,31.05,31.05,31.05,31.05,0
20220714T,68.02,68.02,68.02,68.02,0
20220715T,59.61,59.61,59.61,59.61,0
20220718T,75.2,75.2,75.2,75.2,0
20220719T,73.43,73.43,73.43,73.43,0
20220720T,43.16,43.16,43.16,43.16,0
20220721T,57.95,57.95,57.95,57.95,0
20220722T,63.01,63.01,63.01,63.01,0
20220725T,79.19,79.19,79.19,79.19,0
20220726T,33.71,33.71,33.71,33.71,0
20220727T,62.11,62.11,62.11,62.11,0
20220728T,79.08,79.08,79.08,79.08,0
20220729T,78.45,78.45,78.45,78.45,0
20220801T,80.03,80.03,80.03,80.03,0
20220802T,61.83,61.83,61.83,61.83,0
20220803T,65.32,65.32,65.32,65.32,0
20220804T,67.77,67.77,67.77,67.77,0
20220805T,79.76,79.76,79.76,79.76,0
20220810T,48.62,48.62,48.62,48.62,0
20220811T,69.66,69.66,69.66,69.66,0
20220812T,53.73,53.73,53.73,53.73,0
20220816T,62.84,62.84,62.84,62.84,0
20220817T,66.58,66.58,66.58,66.58,0
20220818T,70.81,70.81,70.81,70.81,0
20220819T,77.77,77.77,77.77,77.77,0
20220822T,57.04,57.04,57.04,57.04,0
20220823T,75.78,75.78,75.78,75.78,0
20220824T,66.89,66.89,66.89,66.89,0
20220825T,66.68,66.68,66.68,66.68,0
20220826T,73.64,73.64,73.64,73.64,0
20220829T,38.02,38.02,38.02,38.02,0
20220830T,61.24,61.24,61.24,61.24,0
20220831T,61.24,61.24,61.24,61.24,0
20220901T,45.72,45.72,45.72,45.72,0
20220902T,55.9,55.9,55.9,55.9,0
20220905T,51.85,51.85,51.85,51.85,0
20220906T,44.83,44.83,44.83,44.83,0
20220907T,62.17,62.17,62.17,62.17,0
20220908T,53.74,53.74,53.74,53.74,0
20220909T,55.21,55.21,55.21,55.21,0
20220912T,72.28,72.28,72.28,72.28,0
20220913T,67.54,67.54,67.54,67.54,0
20220914T,56.65,56.65,56.65,56.65,0
20220915T,66.65,66.65,66.65,66.65,0
20220916T,51.57,51.57,51.57,51.57,0
20220919T,49.95,49.95,49.95,49.95,0
20220920T,51.52,51.52,51.52,51.52,0
20220921T,48.24,48.24,48.24,48.24,0
20220922T,61.52,61.52,61.52,61.52,0
20220923T,57.36,57.36,57.36,57.36,0
20220926T,52.57,52.57,52.57,52.57,0
20220927T,52.96,52.96,52.96,52.96,0
20220928T,56.44,56.44,56.44,56.44,0
20220929T,51.59,51.59,51.59,51.59,0
20220930T,58.55,58.55,58.55,58.55,0
20221003T,60.65,60.65,60.65,60.65,0
20221004T,42.79,42.79,42.79,42.79,0
20221005T,42.79,42.79,42.79,42.79,0
20221006T,37.6,37.6,37.6,37.6,0
20221007T,61.81,61.81,61.81,61.81,0
20221010T,58.43,58.43,58.43,58.43,0
20221011T,70.25,70.25,70.25,70.25,0
20221012T,51.14,51.14,51.14,51.14,0
20221013T,58.31,58.31,58.31,58.31,0
20221014T,56.7,56.7,56.7,56.7,0
20221017T,54.5,54.5,54.5,54.5,0
20221018T,47.47,47.47,47.47,47.47,0
20221019T,53.01,53.01,53.01,53.01,0
20221020T,47.5,47.5,47.5,47.5,0
20221021T,53.95,53.95,53.95,53.95,0
20221024T,64.67,64.67,64.67,64.67,0
20221025T,43.57,43.57,43.57,43.57,0
20221026T,43.57,43.57,43.57,43.57,0
20221027T,44.64,44.64,44.64,44.64,0
20221028T,42.61,42.61,42.61,42.61,0
20221031T,37.51,37.51,37.51,37.51,0
20221101T,42.47,42.47,42.47,42.47,0
20221102T,54.86,54.86,54.86,54.86,0
20221103T,59.48,59.48,59.48,59.48,0
20221104T,37.88,37.88,37.88,37.88,0
20221107T,52.66,52.66,52.66,52.66,0
20221108T,52.66,52.66,52.66,52.66,0
20221109T,39.92,39.92,39.92,39.92,0
20221110T,58.7,58.7,58.7,58.7,0
20221111T,50.65,50.65,50.65,50.65,0
20221114T,49.82,49.82,49.82,49.82,0
20221115T,52.81,52.81,52.81,52.81,0
20221116T,46.68,46.68,46.68,46.68,0
20221117T,49.49,49.49,49.49,49.49,0
20221118T,58.11,58.11,58.11,58.11,0
20221121T,45.09,45.09,45.09,45.09,0
20221122T,52.01,52.01,52.01,52.01,0
20221123T,46.16,46.16,46.16,46.16,0
20221124T,66.91,66.91,66.91,66.91,0
20221125T,33.87,33.87,33.87,33.87,0
20221128T,39.85,39.85,39.85,39.85,0
20221129T,54.38,54.38,54.38,54.38,0
20221130T,57.09,57.09,57.09,57.09,0
20221201T,72.31,72.31,72.31,72.31,0
20221202T,77.38,77.38,77.38,77.38,0
20221205T,67.94,67.94,67.94,67.94,0
20221206T,87.09,87.09,87.09,87.09,0
20221207T,43.46,43.46,43.46,43.46,0
20221208T,53.2,53.2,53.2,53.2,0
20221209T,70.22,70.22,70.22,70.22,0
20221212T,62.56,62.56,62.56,62.56,0
20221213T,45.15,45.15,45.15,45.15,0
20221214T,47.74,47.74,47.74,47.74,0
20221215T,62.04,62.04,62.04,62.04,0
20221216T,54.61,54.61,54.61,54.61,0
20221219T,40.59,40.59,40.59,40.59,0
20221220T,51.26,51.26,51.26,51.26,0
20221221T,49.16,49.16,49.16,49.16,0
20221222T,52.34,52.34,52.34,52.34,0
20221223T,60.26,60.26,60.26,60.26,0
20221226T,58.22,58.22,58.22,58.22,0
20221227T,21.99,21.99,21.99,21.99,0
20221228T,17.12,17.12,17.12,17.12,0
20221229T,23.54,23.54,23.54,23.54,0
20221230T,41.88,41.88,41.88,41.88,0
20230102T,37.25,37.25,37.25,37.25,0
20230103T,57.87,57.87,57.87,57.87,0
20230104T,29.77,29.77,29.77,29.77,0
20230105T,31.28,31.28,31.28,31.28,0
20230106T,38.89,38.89,38.89,38.89,0
20230109T,33.67,33.67,33.67,33.67,0
20230110T,52.32,52.32,52.32,52.32,0
20230111T,49.85,49.85,49.85,49.85,0
20230112T,47.17,47.17,47.17,47.17,0
20230113T,36.78,36.78,36.78,36.78,0
20230116T,26.83,26.83,26.83,26.83,0
20230117T,36.75,36.75,36.75,36.75,0
20230118T,49.17,49.17,49.17,49.17,0
20230119T,40.51,40.51,40.51,40.51,0
20230120T,43.36,43.36,43.36,43.36,0
20230123T,35.15,35.15,35.15,35.15,0
20230124T,54.93,54.93,54.93,54.93,0
20230125T,47.59,47.59,47.59,47.59,0
20230127T,65.05,65.05,65.05,65.05,0
20230130T,36.43,36.43,36.43,36.43,0
20230131T,55.33,55.33,55.33,55.33,0
20230201T,51.96,51.96,51.96,51.96,0
20230202T,58.04,58.04,58.04,58.04,0
20230203T,63.57,63.57,63.57,63.57,0
20230206T,44.89,44.89,44.89,44.89,0
20230207T,53.94,53.94,53.94,53.94,0
20230208T,37.3,37.3,37.3,37.3,0
20230209T,33.95,33.95,33.95,33.95,0
20230210T,68.84,68.84,68.84,68.84,0
20230213T,74.68,74.68,74.68,74.68,0
20230214T,55.62,55.62,55.62,55.62,0
20230215T,57.84,57.84,57.84,57.84,0
20230216T,59.9,59.9,59.9,59.9,0
20230217T,41.17,41.17,41.17,41.17,0
20230220T,50.47,50.47,50.47,50.47,0
20230221T,58.51,58.51,58.51,58.51,0
20230222T,78.98,78.98,78.98,78.98,0
20230223T,73.05,73.05,73.05,73.05,0
20230224T,47.99,47.99,47.99,47.99,0
20230227T,55.02,55.02,55.02,55.02,0
20230228T,50.31,50.31,50.31,50.31,0
20230301T,56.74,56.74,56.74,56.74,0
20230302T,29.92,29.92,29.92,29.92,0
20230303T,51.9,51.9,51.9,51.9,0
20230306T,48.91,48.91,48.91,48.91,0
20230307T,48.91,48.91,48.91,48.91,0
20230308T,71.68,71.68,71.68,71.68,0
20230309T,62.73,62.73,62.73,62.73,0
20230310T,71.36,71.36,71.36,71.36,0
20230313T,59.16,59.16,59.16,59.16,0
20230314T,71.59,71.59,71.59,71.59,0
20230315T,52.45,52.45,52.45,52.45,0
20230316T,67.82,67.82,67.82,67.82,0
20230317T,48.73,48.73,48.73,48.73,0
20230320T,47.85,47.85,47.85,47.85,0
20230321T,58.96,58.96,58.96,58.96,0
20230322T,76.18,76.18,76.18,76.18,0
20230323T,22.86,22.86,22.86,22.86,0
20230324T,43.01,43.01,43.01,43.01,0
20230327T,29.69,29.69,29.69,29.69,0
20230328T,19.85,19.85,19.85,19.85,0
20230329T,36.66,36.66,36.66,36.66,0
20230330T,36.66,36.66,36.66,36.66,0
20230331T,41.04,41.04,41.04,41.04,0
20230403T,40.26,40.26,40.26,40.26,0
20230404T,40.26,40.26,40.26,40.26,0
20230405T,56.27,56.27,56.27,56.27,0
20230406T,79.14,79.14,79.14,79.14,0
20230407T,79.14,79.14,79.14,79.14,0
20230410T,52.7,52.7,52.7,52.7,0
20230411T,71.46,71.46,71.46,71.46,0
20230412T,62.11,62.11,62.11,62.11,0
20230413T,72.95,72.95,72.95,72.95,0
20230414T,72.95,72.95,72.95,72.95,0
20230417T,56.58,56.58,56.58,56.58,0
20230418T,56.23,56.23,56.23,56.23,0
20230419T,45.4,45.4,45.4,45.4,0
20230420T,52.43,52.43,52.43,52.43,0
20230421T,63.47,63.47,63.47,63.47,0
20230424T,55.25,55.25,55.25,55.25,0
20230425T,59.01,59.01,59.01,59.01,0
20230426T,62.9,62.9,62.9,62.9,0
20230427T,50.56,50.56,50.56,50.56,0
20230428T,61.51,61.51,61.51,61.51,0
20230501T,61.51,61.51,61.51,61.51,0
20230502T,58.59,58.59,58.59,58.59,0
20230503T,28.91,28.91,28.91,28.91,0
20230504T,50.05,50.05,50.05,50.05,0
20230505T,54.47,54.47,54.47,54.47,0
20230508T,50.16,50.16,50.16,50.16,0
20230509T,52.15,52.15,52.15,52.15,0
20230510T,58.57,58.57,58.57,58.57,0
20230511T,48.58,48.58,48.58,48.58,0
20230512T,42.28,42.28,42.28,42.28,0
20230515T,45.32,45.32,45.32,45.32,0
20230516T,55.2,55.2,55.2,55.2,0
20230517T,48.69,48.69,48.69,48.69,0
20230518T,48.5,48.5,48.5,48.5,0
20230519T,44.35,44.35,44.35,44.35,0
20230522T,37.49,37.49,37.49,37.49,0
20230523T,43.15,43.15,43.15,43.15,0
20230524T,31.02,31.02,31.02,31.02,0
20230525T,52.69,52.69,52.69,52.69,0
20230526T,65.06,65.06,65.06,65.06,0
20230529T,68.01,68.01,68.01,68.01,0
20230530T,24.66,24.66,24.66,24.66,0
20230531T,28.08,28.08,28.08,28.08,0
20230601T,42.65,42.65,42.65,42.65,0
20230602T,40.63,40.63,40.63,40.63,0
20230605T,53.36,53.36,53.36,53.36,0
20230606T,53.4,53.4,53.4,53.4,0
20230607T,71.81,71.81,71.81,71.81,0
20230608T,85.84,85.84,85.84,85.84,0
20230609T,48.6,48.6,48.6,48.6,0
20230612T,65.32,65.32,65.32,65.32,0
20230613T,53.06,53.06,53.06,53.06,0
20230614T,49.36,49.36,49.36,49.36,0
20230615T,61.43,61.43,61.43,61.43,0
20230616T,56.96,56.96,56.96,56.96,0
20230619T,53.42,53.42,53.42,53.42,0
20230620T,56.96,56.96,56.96,56.96,0
20230621T,57.48,57.48,57.48,57.48,0
20230622T,42.63,42.63,42.63,42.63,0
20230623T,50.25,50.25,50.25,50.25,0
20230626T,68.08,68.08,68.08,68.08,0
20230627T,45.72,45.72,45.72,45.72,0
20230628T,48.17,48.17,48.17,48.17,0
20230629T,48.17,48.17,48.17,48.17,0
20230630T,50.35,50.35,50.35,50.35,0
20230703T,45.33,45.33,45.33,45.33,0
20230704T,46.82,46.82,46.82,46.82,0
20230705T,59.01,59.01,59.01,59.01,0
20230706T,66.65,66.65,66.65,66.65,0
20230707T,54.5,54.5,54.5,54.5,0
20230710T,57.01,57.01,57.01,57.01,0
20230711T,52.46,52.46,52.46,52.46,0
20230712T,50.67,50.67,50.67,50.67,0
20230713T,64.73,64.73,64.73,64.73,0
20230714T,64.74,64.74,64.74,64.74,0
20230717T,58.35,58.35,58.35,58.35,0
20230718T,67.32,67.32,67.32,67.32,0
20230719T,67.45,67.45,67.45,67.45,0
20230720T,73.47,73.47,73.47,73.47,0
20230721T,58.59,58.59,58.59,58.59,0
20230724T,53.82,53.82,53.82,53.82,0
20230725T,63.12,63.12,63.12,63.12,0
20230726T,65.02,65.02,65.02,65.02,0
20230727T,55.58,55.58,55.58,55.58,0
20230728T,52.82,52.82,52.82,52.82,0
20230731T,56.09,56.09,56.09,56.09,0
20230801T,55.87,55.87,55.87,55.87,0
20230802T,60.77,60.77,60.77,60.77,0
20230803T,60.66,60.66,60.66,60.66,0
20230804T,64.74,64.74,64.74,64.74,0
20230807T,62.88,62.88,62.88,62.88,0
20230808T,58.14,58.14,58.14,58.14,0
20230809T,61.14,61.14,61.14,61.14,0
20230810T,56.93,56.93,56.93,56.93,0
20230811T,65.21,65.21,65.21,65.21,0
20230814T,48.97,48.97,48.97,48.97,0
20230816T,45.26,45.26,45.26,45.26,0
20230817T,54.76,54.76,54.76,54.76,0
20230818T,49.37,49.37,49.37,49.37,0
20230821T,49.27,49.27,49.27,49.27,0
20230822T,47.67,47.67,47.67,47.67,0
20230823T,45.67,45.67,45.67,45.67,0
20230824T,41.72,41.72,41.72,41.72,0
20230825T,35.64,35.64,35.64,35.64,0
20230828T,50.43,50.43,50.43,50.43,0
20230829T,54.06,54.06,54.06,54.06,0
20230830T,57.15,57.15,57.15,57.15,0
20231204T,85.03,85.03,85.03,85.03,0
20231205T,55.4,55.4,55.4,55.4,0
20231206T,62.22,62.22,62.22,62.22,0
20231207T,59.65,59.65,59.65,59.65,0
20231208T,60.55,60.55,60.55,60.55,0
20231211T,60.05,60.05,60.05,60.05,0
20231212T,67.64,67.64,67.64,67.64,0
20231213T,76.25,76.25,76.25,76.25,0
20231214T,70.27,70.27,70.27,70.27,0
20231215T,73.91,73.91,73.91,73.91,0
20231218T,62.11,62.11,62.11,62.11,0
20231219T,72.62,72.62,72.62,72.62,0
20231220T,62.02,62.02,62.02,62.02,0
20231221T,77.06,77.06,77.06,77.06,0
20231222T,68.13,68.13,68.13,68.13,0
20231225T,68.13,68.13,68.13,68.13,0
20231226T,68.93,68.93,68.93,68.93,0
20231227T,67.7,67.7,67.7,67.7,0
20231228T,73.95,73.95,73.95,73.95,0
20231229T,79.02,79.02,79.02,79.02,0
20240101T,52.17,52.17,52.17,52.17,0
20240102T,50.73,50.73,50.73,50.73,0
20240103T,41.92,41.92,41.92,41.92,0
20240104T,46.02,46.02,46.02,46.02,0
20240105T,50.41,50.41,50.41,50.41,0
20240108T,60.82,60.82,60.82,60.82,0
20240109T,48.92,48.92,48.92,48.92,0
20240110T,60.8,60.8,60.8,60.8,0
20240111T,59.32,59.32,59.32,59.32,0
20240112T,60.76,60.76,60.76,60.76,0
20240115T,53.56,53.56,53.56,53.56,0
20240116T,49.63,49.63,49.63,49.63,0
20240117T,60.08,60.08,60.08,60.08,0
20240118T,57.17,57.17,57.17,57.17,0
20240119T,46.36,46.36,46.36,46.36,0
20240122T,54.52,54.52,54.52,54.52,0
20240123T,58.66,58.66,58.66,58.66,0
20240124T,65.37,65.37,65.37,65.37,0
20240125T,56.59,56.59,56.59,56.59,0
20240129T,50.94,50.94,50.94,50.94,0
20240130T,50.2,50.2,50.2,50.2,0
20240131T,56.75,56.75,56.75,56.75,0
20240201T,55.29,55.29,55.29,55.29,0
20240202T,66.27,66.27,66.27,66.27,0
20240205T,54.72,54.72,54.72,54.72,0
20240206T,63.15,63.15,63.15,63.15,0
20240207T,56.54,56.54,56.54,56.54,0
20240208T,39.69,39.69,39.69,39.69,0
20240209T,52.27,52.27,52.27,52.27,0
20240212T,42.62,42.62,42.62,42.62,0
20240213T,58.62,58.62,58.62,58.62,0
20240214T,64.36,64.36,64.36,64.36,0
20240215T,52.51,52.51,52.51,52.51,0
20240216T,49.59,49.59,49.59,49.59,0
20240219T,70.49,70.49,70.49,70.49,0
20240220T,48.4,48.4,48.4,48.4,0
20240221T,34.98,34.98,34.98,34.98,0
20240222T,48.28,48.28,48.28,48.28,0
20240223T,50.55,50.55,50.55,50.55,0
20240226T,54.05,54.05,54.05,54.05,0
20240227T,46.84,46.84,46.84,46.84,0
20240228T,70.25,70.25,70.25,70.25,0
20240229T,40.29,40.29,40.29,40.29,0
20240301T,51.23,51.23,51.23,51.23,0
20240304T,48.8,48.8,48.8,48.8,0
20240305T,36.78,36.78,36.78,36.78,0
20240306T,21.85,21.85,21.85,21.85,0
20240307T,41.44,41.44,41.44,41.44,0
20240308T,41.44,41.44,41.44,41.44,0
20240311T,56.29,56.29,56.29,56.29,0
20240312T,45.98,45.98,45.98,45.98,0
20240313T,58.03,58.03,58.03,58.03,0
20240314T,29.4,29.4,29.4,29.4,0
20240315T,36.88,36.88,36.88,36.88,0
20240318T,49.35,49.35,49.35,49.35,0
20240319T,37.76,37.76,37.76,37.76,0
20240320T,53.06,53.06,53.06,53.06,0
20240321T,45.19,45.19,45.19,45.19,0
20240322T,39.22,39.22,39.22,39.22,0
20240325T,39.22,39.22,39.22,39.22,0
20240326T,41.43,41.43,41.43,41.43,0
20240327T,59.68,59.68,59.68,59.68,0
20240328T,48.69,48.69,48.69,48.69,0
20240329T,48.69,48.69,48.69,48.69,0
20240401T,44.71,44.71,44.71,44.71,0
20240402T,45.74,45.74,45.74,45.74,0
20240403T,54.32,54.32,54.32,54.32,0
20240404T,63.51,63.51,63.51,63.51,0
20240405T,50.53,50.53,50.53,50.53,0
20240408T,34.18,34.18,34.18,34.18,0
20240409T,38.9,38.9,38.9,38.9,0
20240410T,45.67,45.67,45.67,45.67,0
20240411T,45.67,45.67,45.67,45.67,0
20240412T,49.74,49.74,49.74,49.74,0
20240415T,53.0,53.0,53.0,53.0,0
20240416T,50.4,50.4,50.4,50.4,0
20240417T,50.4,50.4,50.4,50.4,0
20240418T,37.93,37.93,37.93,37.93,0
20240419T,31.44,31.44,31.44,31.44,0
20240422T,37.98,37.98,37.98,37.98,0
20240423T,39.42,39.42,39.42,39.42,0
20240424T,35.8,35.8,35.8,35.8,0
20240425T,34.13,34.13,34.13,34.13,0
20240426T,53.09,53.09,53.09,53.09,0
20240429T,38.0,38.0,38.0,38.0,0
20240430T,35.8,35.8,35.8,35.8,0
20240501T,35.8,35.8,35.8,35.8,0
20240502T,50.52,50.52,50.52,50.52,0
20240503T,50.45,50.45,50.45,50.45,0
20240506T,45.24,45.24,45.24,45.24,0
20240507T,38.16,38.16,38.16,38.16,0
20240508T,43.17,43.17,43.17,43.17,0
20240509T,52.43,52.43,52.43,52.43,0
20240510T,38.21,38.21,38.21,38.21,0
20240513T,44.48,44.48,44.48,44.48,0
20240514T,48.35,48.35,48.35,48.35,0
20240515T,54.84,54.84,54.84,54.84,0
20240516T,49.23,49.23,49.23,49.23,0
20240517T,54.13,54.13,54.13,54.13,0
20240520T,64.25,64.25,64.25,64.25,0
20240521T,42.62,42.62,42.62,42.62,0
20240522T,62.9,62.9,62.9,62.9,0
20240523T,36.12,36.12,36.12,36.12,0
20240524T,45.4,45.4,45.4,45.4,0
20240527T,50.48,50.48,50.48,50.48,0
20240528T,44.01,44.01,44.01,44.01,0
20240529T,48.74,48.74,48.74,48.74,0
20240530T,46.42,46.42,46.42,46.42,0
20240531T,57.06,57.06,57.06,57.06,0
20240603T,51.98,51.98,51.98,51.98,0
20240604T,56.12,56.12,56.12,56.12,0
20240605T,48.78,48.78,48.78,48.78,0
20240606T,45.22,45.22,45.22,45.22,0
20240607T,51.73,51.73,51.73,51.73,0
20240610T,56.61,56.61,56.61,56.61,0
20240611T,35.86,35.86,35.86,35.86,0
20240612T,44.25,44.25,44.25,44.25,0
20240613T,49.92,49.92,49.92,49.92,0
20240614T,55.12,55.12,55.12,55.12,0
20240617T,55.12,55.12,55.12,55.12,0
20240618T,49.77,49.77,49.77,49.77,0
20240619T,42.97,42.97,42.97,42.97,0
20240620T,70.21,70.21,70.21,70.21,0
20240621T,46.05,46.05,46.05,46.05,0
20240624T,43.87,43.87,43.87,43.87,0
20240625T,45.63,45.63,45.63,45.63,0
20240626T,56.53,56.53,56.53,56.53,0
20240627T,55.41,55.41,55.41,55.41,0
20240628T,56.87,56.87,56.87,56.87,0
20240701T,61.92,61.92,61.92,61.92,0
20240702T,44.3,44.3,44.3,44.3,0
20240703T,66.04,66.04,66.04,66.04,0
20240704T,69.67,69.67,69.67,69.67,0
20240705T,56.63,56.63,56.63,56.63,0
20240708T,60.73,60.73,60.73,60.73,0
20240709T,56.96,56.96,56.96,56.96,0
20240710T,55.95,55.95,55.95,55.95,0
20240711T,57.57,57.57,57.57,57.57,0
20240712T,45.69,45.69,45.69,45.69,0
20240715T,50.48,50.48,50.48,50.48,0
20240716T,39.11,39.11,39.11,39.11,0
20240717T,39.11,39.11,39.11,39.11,0
20240718T,40.91,40.91,40.91,40.91,0
20240719T,42.51,42.51,42.51,42.51,0
20240722T,48.44,48.44,48.44,48.44,0
20240723T,46.71,46.71,46.71,46.71,0
20240724T,66.62,66.62,66.62,66.62,0
20240725T,49.16,49.16,49.16,49.16,0
20240726T,59.63,59.63,59.63,59.63,0
20240729T,64.34,64.34,64.34,64.34,0
20240730T,46.87,46.87,46.87,46.87,0
20240731T,64.67,64.67,64.67,64.67,0
20240801T,44.1,44.1,44.1,44.1,0
20240802T,37.41,37.41,37.41,37.41,0
20240805T,45.79,45.79,45.79,45.79,0
20240806T,31.69,31.69,31.69,31.69,0
20240807T,44.46,44.46,44.46,44.46,0
20240808T,50.52,50.52,50.52,50.52,0
20240809T,50.06,50.06,50.06,50.06,0
20240812T,72.33,72.33,72.33,72.33,0
20240813T,81.8,81.8,81.8,81.8,0
20240814T,58.18,58.18,58.18,58.18,0
20240816T,51.79,51.79,51.79,51.79,0
20240819T,54.24,54.24,54.24,54.24,0
20240820T,51.38,51.38,51.38,51.38,0
20240821T,60.85,60.85,60.85,60.85,0
20240822T,57.24,57.24,57.24,57.24,0
20240823T,48.25,48.25,48.25,48.25,0
20240826T,59.05,59.05,59.05,59.05,0
20240827T,58.42,58.42,58.42,58.42,0
20240828T,35.56,35.56,35.56,35.56,0
20240829T,48.57,48.57,48.57,48.57,0
20240830T,40.94,40.94,40.94,40.94,0
20240902T,41.23,41.23,41.23,41.23,0
20240903T,52.07,52.07,52.07,52.07,0
20240904T,39.2,39.2,39.2,39.2,0
20240905T,44.88,44.88,44.88,44.88,0
20240906T,45.29,45.29,45.29,45.29,0
20240909T,43.54,43.54,43.54,43.54,0
20240910T,57.83,57.83,57.83,57.83,0
20240911T,48.12,48.12,48.12,48.12,0
20240912T,51.92,51.92,51.92,51.92,0
20240913T,51.74,51.74,51.74,51.74,0
20240916T,57.86,57.86,57.86,57.86,0
20240917T,57.74,57.74,57.74,57.74,0
20240918T,35.01,35.01,35.01,35.01,0
20240919T,37.25,37.25,37.25,37.25,0
20240920T,52.35,52.35,52.35,52.35,0
20240923T,51.36,51.36,51.36,51.36,0
20240924T,26.27,26.27,26.27,26.27,0
20240925T,40.9,40.9,40.9,40.9,0
20240926T,44.56,44.56,44.56,44.56,0
20240927T,47.8,47.8,47.8,47.8,0
20240930T,49.64,49.64,49.64,49.64,0
20241001T,52.1,52.1,52.1,52.1,0
20241003T,47.31,47.31,47.31,47.31,0
20241004T,57.45,57.45,57.45,57.45,0
20241007T,60.88,60.88,60.88,60.88,0
20241008T,61.62,61.62,61.62,61.62,0
20241009T,61.04,61.04,61.04,61.04,0
20241010T,40.87,40.87,40.87,40.87,0
20241011T,56.18,56.18,56.18,56.18,0
20241014T,57.71,57.71,57.71,57.71,0
20241015T,50.25,50.25,50.25,50.25,0
20241016T,47.41,47.41,47.41,47.41,0
20241017T,51.46,51.46,51.46,51.46,0
20241018T,58.87,58.87,58.87,58.87,0
20241021T,48.58,48.58,48.58,48.58,0
20241022T,51.73,51.73,51.73,51.73,0
20241023T,35.35,35.35,35.35,35.35,0
20241024T,44.97,44.97,44.97,44.97,0
20241025T,52.82,52.82,52.82,52.82,0
20241028T,41.35,41.35,41.35,41.35,0
20241029T,38.02,38.02,38.02,38.02,0
20241030T,57.5,57.5,57.5,57.5,0
20241031T,45.2,45.2,45.2,45.2,0
20241101T,61.01,61.01,61.01,61.01,0
20241104T,67.06,67.06,67.06,67.06,0
20241105T,41.07,41.07,41.07,41.07,0
20241106T,61.06,61.06,61.06,61.06,0
20241107T,59.78,59.78,59.78,59.78,0
20241108T,43.67,43.67,43.67,43.67,0
20241111T,57.11,57.11,57.11,57.11,0
20241112T,47.64,47.64,47.64,47.64,0
20241113T,71.12,71.12,71.12,71.12,0
20241114T,46.2,46.2,46.2,46.2,0
20241118T,85.66,85.66,85.66,85.66,0
20241119T,62.62,62.62,62.62,62.62,0
20241120T,62.62,62.62,62.62,62.62,0
20241121T,58.72,58.72,58.72,58.72,0
20241122T,44.77,44.77,44.77,44.77,0
20241125T,62.09,62.09,62.09,62.09,0
20241126T,46.72,46.72,46.72,46.72,0
20241127T,67.14,67.14,67.14,67.14,0
20241128T,43.66,43.66,43.66,43.66,0
20241129T,44.12,44.12,44.12,44.12,0
20241202T,47.51,47.51,47.51,47.51,0
20241203T,47.31,47.31,47.31,47.31,0
20241204T,53.17,53.17,53.17,53.17,0
20241205T,50.84,50.84,50.84,50.84,0
20241206T,57.69,57.69,57.69,57.69,0
20241209T,41.05,41.05,41.05,41.05,0
20241210T,51.8,51.8,51.8,51.8,0
20241211T,44.97,44.97,44.97,44.97,0
20241212T,21.62,21.62,21.62,21.62,0
20241213T,14.54,14.54,14.54,14.54,0
20241216T,23.34,23.34,23.34,23.34,0
20241217T,48.2,48.2,48.2,48.2,0
20241218T,54.05,54.05,54.05,54.05,0
20241219T,25.37,25.37,25.37,25.37,0
20241220T,36.99,36.99,36.99,36.99,0
20241223T,37.96,37.96,37.96,37.96,0
20241224T,44.21,44.21,44.21,44.21,0
20241225T,44.21,44.21,44.21,44.21,0
20241226T,41.36,41.36,41.36,41.36,0
20241227T,56.59,56.59,56.59,56.59,0
20241230T,36.59,36.59,36.59,36.59,0
20241231T,31.74,31.74,31.74,31.74,0
20250101T,37.68,37.68,37.68,37.68,0
20250102T,44.37,44.37,44.37,44.37,0
20250103T,53.01,53.01,53.01,53.01,0
20250106T,30.96,30.96,30.96,30.96,0
20250107T,47.88,47.88,47.88,47.88,0
20250108T,41.43,41.43,41.43,41.43,0
20250109T,43.67,43.67,43.67,43.67,0
20250110T,50.28,50.28,50.28,50.28,0
20250113T,43.53,43.53,43.53,43.53,0
20250114T,46.67,46.67,46.67,46.67,0
20250115T,42.46,42.46,42.46,42.46,0
20250116T,54.75,54.75,54.75,54.75,0
20250117T,43.59,43.59,43.59,43.59,0
20250120T,51.08,51.08,51.08,51.08,0
20250121T,41.8,41.8,41.8,41.8,0
20250122T,63.01,63.01,63.01,63.01,0
20250123T,38.45,38.45,38.45,38.45,0
20250124T,56.23,56.23,56.23,56.23,0
20250127T,49.16,49.16,49.16,49.16,0
20250128T,47.8,47.8,47.8,47.8,0
20250129T,49.93,49.93,49.93,49.93,0
20250130T,42.34,42.34,42.34,42.34,0
20250131T,49.2,49.2,49.2,49.2,0
20250203T,55.69,55.69,55.69,55.69,0
20250204T,35.4,35.4,35.4,35.4,0
20250205T,40.92,40.92,40.92,40.92,0
20250206T,59.77,59.77,59.77,59.77,0
20250207T,53.9,53.9,53.9,53.9,0
20250210T,66.92,66.92,66.92,66.92,0
20250211T,65.47,65.47,65.47,65.47,0
20250212T,55.53,55.53,55.53,55.53,0
20250213T,71.88,71.88,71.88,71.88,0
20250214T,60.56,60.56,60.56,60.56,0
20250217T,71.79,71.79,71.79,71.79,0
20250218T,48.6,48.6,48.6,48.6,0
20250219T,44.31,44.31,44.31,44.31,0
20250220T,34.8,34.8,34.8,34.8,0
20250221T,45.11,45.11,45.11,45.11,0
20250224T,51.96,51.96,51.96,51.96,0
20250225T,77.92,77.92,77.92,77.92,0
20250227T,69.08,69.08,69.08,69.08,0
20250228T,57.31,57.31,57.31,57.31,0
20250303T,63.88,63.88,63.88,63.88,0
20250304T,52.28,52.28,52.28,52.28,0
20250305T,48.02,48.02,48.02,48.02,0
20250306T,45.66,45.66,45.66,45.66,0
20250307T,60.06,60.06,60.06,60.06,0
20250310T,37.92,37.92,37.92,37.92,0
20250311T,13.82,13.82,13.82,13.82,0
20250312T,28.14,28.14,28.14,28.14,0
20250313T,76.59,76.59,76.59,76.59,0
20250317T,35.58,35.58,35.58,35.58,0
20250318T,17.39,17.39,17.39,17.39,0
20250319T,45.39,45.39,45.39,45.39,0
20250320T,52.73,52.73,52.73,52.73,0
20250321T,54.72,54.72,54.72,54.72,0
20250324T,48.26,48.26,48.26,48.26,0
20250325T,33.2,33.2,33.2,33.2,0
20250326T,44.22,44.22,44.22,44.22,0
20250327T,53.15,53.15,53.15,53.15,0
20250328T,46.39,46.39,46.39,46.39,0
20250401T,34.4,34.4,34.4,34.4,0
20250402T,26.76,26.76,26.76,26.76,0
20250403T,30.31,30.31,30.31,30.31,0
20250404T,42.5,42.5,42.5,42.5,0
20250407T,34.93,34.93,34.93,34.93,0
20250408T,42.38,42.38,42.38,42.38,0
20250409T,40.22,40.22,40.22,40.22,0
20250411T,32.77,32.77,32.77,32.77,0
20250415T,40.16,40.16,40.16,40.16,0
20250416T,39.25,39.25,39.25,39.25,0
20250417T,34.0,34.0,34.0,34.0,0
20250421T,53.19,53.19,53.19,53.19,0
20250422T,58.38,58.38,58.38,58.38,0
20250423T,49.94,49.94,49.94,49.94,0
20250424T,53.54,53.54,53.54,53.54,0
20250425T,59.72,59.72,59.72,59.72,0
20250428T,52.85,52.85,52.85,52.85,0
20250429T,32.81,32.81,32.81,32.81,0
20250430T,54.33,54.33,54.33,54.33,0
20250502T,45.72,45.72,45.72,45.72,0
20250505T,38.06,38.06,38.06,38.06,0
20250506T,53.04,53.04,53.04,53.04,0
20250507T,54.72,54.72,54.72,54.72,0
20250508T,53.32,53.32,53.32,53.32,0
20250509T,27.57,27.57,27.57,27.57,0
20250512T,48.21,48.21,48.21,48.21,0
20250513T,23.52,23.52,23.52,23.52,0
20250514T,43.8,43.8,43.8,43.8,0
20250515T,55.31,55.31,55.31,55.31,0
20250516T,43.51,43.51,43.51,43.51,0
20250519T,56.65,56.65,56.65,56.65,0
20250520T,51.13,51.13,51.13,51.13,0
20250521T,55.11,55.11,55.11,55.11,0
20250522T,54.42,54.42,54.42,54.42,0
20250523T,24.41,24.41,24.41,24.41,0
20250526T,37.24,37.24,37.24,37.24,0
20250527T,27.2,27.2,27.2,27.2,0
20250528T,25.19,25.19,25.19,25.19,0
20250529T,33.33,33.33,33.33,33.33,0
20250530T,47.4,47.4,47.4,47.4,0
20250602T,50.4,50.4,50.4,50.4,0
20250603T,48.63,48.63,48.63,48.63,0
20250604T,48.78,48.78,48.78,48.78,0
20250605T,50.8,50.8,50.8,50.8,0
20250606T,53.37,53.37,53.37,53.37,0
20250609T,53.79,53.79,53.79,53.79,0
20250610T,49.76,49.76,49.76,49.76,0
20250611T,49.82,49.82,49.82,49.82,0
20250612T,47.97,47.97,47.97,47.97,0
20250613T,48.26,48.26,48.26,48.26,0
20250616T,45.26,45.26,45.26,45.26,0
20250617T,50.41,50.41,50.41,50.41,0
20250618T,42.24,42.24,42.24,42.24,0
20250619T,53.75,53.75,53.75,53.75,0
20250620T,53.63,53.63,53.63,53.63,0
20250623T,52.05,52.05,52.05,52.05,0
20250624T,49.02,49.02,49.02,49.02,0
20250625T,56.15,56.15,56.15,56.15,0
20250626T,47.75,47.75,47.75,47.75,0
20250627T,50.38,50.38,50.38,50.38,0
20250630T,55.28,55.28,55.28,55.28,0
20250701T,58.73,58.73,58.73,58.73,0
20250702T,56.29,56.29,56.29,56.29,0
20250703T,40.92,40.92,40.92,40.92,0
20250704T,43.83,43.83,43.83,43.83,0
20250707T,51.95,51.95,51.95,51.95,0
20250708T,60.55,60.55,60.55,60.55,0
20250709T,53.8,53.8,53.8,53.8,0
20250710T,48.03,48.03,48.03,48.03,0
20250711T,51.52,51.52,51.52,51.52,0
20250714T,47.14,47.14,47.14,47.14,0
20250715T,58.35,58.35,58.35,58.35,0
20250716T,48.72,48.72,48.72,48.72,0
20250717T,51.72,51.72,51.72,51.72,0
20250718T,35.57,35.57,35.57,35.57,0
20250721T,45.09,45.09,45.09,45.09,0
20250722T,49.63,49.63,49.63,49.63,0
20250723T,38.1,38.1,38.1,38.1,0
20250724T,49.69,49.69,49.69,49.69,0
20250725T,53.4,53.4,53.4,53.4,0
20250728T,71.46,71.46,71.46,71.46,0
20250729T,60.68,60.68,60.68,60.68,0
20250730T,64.62,64.62,64.62,64.62,0
20250731T,61.52,61.52,61.52,61.52,0
20250801T,54.61,54.61,54.61,54.61,0
20250804T,49.61,49.61,49.61,49.61,0
20250805T,55.67,55.67,55.67,55.67,0
20250806T,55.66,55.66,55.66,55.66,0
20250807T,36.13,36.13,36.13,36.13,0
20250808T,52.14,52.14,52.14,52.14,0
20250811T,62.67,62.67,62.67,62.67,0
20250812T,63.32,63.32,63.32,63.32,0
20250813T,54.55,54.55,54.55,54.55,0
20250814T,69.79,69.79,69.79,69.79,0
20250818T,78.41,78.41,78.41,78.41,0
20250819T,62.77,62.77,62.77,62.77,0
20250820T,39.48,39.48,39.48,39.48,0
20250821T,49.86,49.86,49.86,49.86,0
20250822T,53.61,53.61,53.61,53.61,0
20250825T,66.05,66.05,66.05,66.05,0
20250826T,51.45,51.45,51.45,51.45,0
20250828T,50.9,50.9,50.9,50.9,0
20250829T,49.35,49.35,49.35,49.35,0
20250901T,51.17,51.17,51.17,51.17,0
20250902T,57.17,57.17,57.17,57.17,0
20250903T,51.81,51.81,51.81,51.81,0
20250904T,49.98,49.98,49.98,49.98,0
20250905T,36.45,36.45,36.45,36.45,0
20250908T,36.12,36.12,36.12,36.12,0
20250909T,50.5,50.5,50.5,50.5,0
20250910T,51.93,51.93,51.93,51.93,0
20250911T,45.57,45.57,45.57,45.57,0
20250912T,36.14,36.14,36.14,36.14,0
20250915T,34.28,34.28,34.28,34.28,0
20250916T,46.21,46.21,46.21,46.21,0
20250917T,49.13,49.13,49.13,49.13,0
20250918T,46.75,46.75,46.75,46.75,0
20250919T,41.79,41.79,41.79,41.79,0
20250922T,43.79,43.79,43.79,43.79,0
20250923T,45.13,45.13,45.13,45.13,0
20250924T,49.94,49.94,49.94,49.94,0
20250925T,47.11,47.11,47.11,47.11,0
20250926T,46.2,46.2,46.2,46.2,0
20250929T,35.56,35.56,35.56,35.56,0
20250930T,45.6,45.6,45.6,45.6,0
20251001T,48.82,48.82,48.82,48.82,0
20251003T,49.0,49.0,49.0,49.0,0
20251006T,45.84,45.84,45.84,45.84,0
20251007T,71.52,71.52,71.52,71.52,0
20251008T,45.73,45.73,45.73,45.73,0
20251009T,33.73,33.73,33.73,33.73,0
20251010T,47.42,47.42,47.42,47.42,0
20251013T,52.59,52.59,52.59,52.59,0
20251014T,46.96,46.96,46.96,46.96,0
20251015T,43.82,43.82,43.82,43.82,0
20251016T,43.52,43.52,43.52,43.52,0
20251017T,49.57,49.57,49.57,49.57,0
20251020T,49.45,49.45,49.45,49.45,0
20251021T,56.24,56.24,56.24,56.24,0
20251022T,56.24,56.24,56.24,56.24,0
20251023T,49.18,49.18,49.18,49.18,0
20251024T,55.75,55.75,55.75,55.75,0
20251027T,49.58,49.58,49.58,49.58,0
20251028T,49.06,49.06,49.06,49.06,0
20251029T,53.39,53.39,53.39,53.39,0
20251030T,47.3,47.3,47.3,47.3,0
20251031T,44.81,44.81,44.81,44.81,0
20251103T,48.09,48.09,48.09,48.09,0
20251104T,55.66,55.66,55.66,55.66,0
20251105T,55.66,55.66,55.66,55.66,0
20251106T,60.76,60.76,60.76,60.76,0
20251107T,48.27,48.27,48.27,48.27,0
20251110T,52.58,52.58,52.58,52.58,0
20251111T,59.57,59.57,59.57,59.57,0
20251112T,46.25,46.25,46.25,46.25,0
20251113T,52.86,52.86,52.86,52.86,0
20251114T,49.72,49.72,49.72,49.72,0
20251117T,70.07,70.07,70.07,70.07,0
20251118T,53.47,53.47,53.47,53.47,0
20251119T,49.68,49.68,49.68,49.68,0
20251120T,53.18,53.18,53.18,53.18,0
20251121T,47.94,47.94,47.94,47.94,0
20251124T,51.56,51.56,51.56,51.56,0
20251125T,44.13,44.13,44.13,44.13,0
20251126T,45.65,45.65,45.65,45.65,0
20251127T,41.45,41.45,41.45,41.45,0
20251128T,49.19,49.19,49.19,49.19,0
20251201T,45.77,45.77,45.77,45.77,0
20251202T,62.13,62.13,62.13,62.13,0
20251203T,36.88,36.88,36.88,36.88,0
20251204T,55.44,55.44,55.44,55.44,0
20251205T,46.79,46.79,46.79,46.79,0
20251208T,44.16,44.16,44.16,44.16,0
20251209T,69.4,69.4,69.4,69.4,0
20251210T,58.17,58.17,58.17,58.17,0
20251211T,30.15,30.15,30.15,30.15,0
20251212T,57.13,57.13,57.13,57.13,0
20251215T,28.53,28.53,28.53,28.53,0
20251216T,45.2,45.2,45.2,45.2,0
20251217T,46.28,46.28,46.28,46.28,0
20251218T,44.66,44.66,44.66,44.66,0
20251219T,50.82,50.82,50.82,50.82,0
20251222T,16.41,16.41,16.41,16.41,0
20251223T,29.31,29.31,29.31,29.31,0
20251224T,36.76,36.76,36.76,36.76,0
20251225T,36.76,36.76,36.76,36.76,0
20251226T,46.35,46.35,46.35,46.35,0
20251229T,45.52,45.52,45.52,45.52,0
20251230T,36.54,36.54,36.54,36.54,0
20251231T,26.19,26.19,26.19,26.19,0
20260101T,49.88,49.88,49.88,49.88,0
20260102T,42.18,42.18,42.18,42.18,0
20260105T,37.68,37.68,37.68,37.68,0
20260106T,36.29,36.29,36.29,36.29,0
20260107T,33.7,33.7,33.7,33.7,0
20260108T,40.7,40.7,40.7,40.7,0
20260109T,51.94,51.94,51.94,51.94,0
20260112T,22.69,22.69,22.69,22.69,0
20260113T,31.15,31.15,31.15,31.15,0
20260114T,51.75,51.75,51.75,51.75,0
20260115T,51.75,51.75,51.75,51.75,0
20260116T,48.2,48.2,48.2,48.2,0
20260119T,38.74,38.74,38.74,38.74,0
20260120T,51.1,51.1,51.1,51.1,0
20260121T,41.29,41.29,41.29,41.29,0
20260122T,41.99,41.99,41.99,41.99,0
20260123T,52.0,52.0,52.0,52.0,0
20260127T,50.8,50.8,50.8,50.8,0
20260128T,86.98,86.98,86.98,86.98,0
20260129T,54.88,54.88,54.88,54.88,0
20260130T,43.1,43.1,43.1,43.1,0
20260202T,44.8,44.8,44.8,44.8,0
20260203T,65.03,65.03,65.03,65.03,0
20260204T,45.0,45.0,45.0,45.0,0
20260205T,49.02,49.02,49.02,49.02,0
20260206T,43.72,43.72,43.72,43.72,0
20260209T,54.68,54.68,54.68,54.68,0
20260210T,44.19,44.19,44.19,44.19,0
